obj 
cube
(0, 0, 0) (1, 1, 1) (0, 0, -1) (1, 0, 0) (0, 1, 0) 
[[-1 -1  1]
 [ 1 -1  1]
 [ 1  1  1]
 [-1  1  1]
 [-1  1 -1]
 [-1 -1 -1]
 [ 1 -1 -1]
 [ 1  1 -1]] 
obj 
cube
vec3(     -2.65375,            0,            0 ) (1, 1, 1) (0, 0, -1) vec3(     0.695321,     0.718699,            0 ) vec3(     0.718699,     0.695321,            0 ) 
[[-1 -1  1]
 [ 1 -1  1]
 [ 1  1  1]
 [-1  1  1]
 [-1  1 -1]
 [-1 -1 -1]
 [ 1 -1 -1]
 [ 1  1 -1]] 
obj 
cube
vec3(      2.34967,      1.91231,            0 ) (1, 1, 1) (0, 0, -1) (1, 0, 0) (0, 1, 0) 
[[-1 -1  1]
 [ 1 -1  1]
 [ 1  1  1]
 [-1  1  1]
 [-1  1 -1]
 [-1 -1 -1]
 [ 1 -1 -1]
 [ 1  1 -1]] 
obj 
cube
(4.915286064147949, 0.0, 0.0) vec3(        1.105,            1,        0.321 ) (0, 0, -1) (1, 0, 0) (0, 1, 0) 
[[-1 -1  1]
 [ 1 -1  1]
 [ 1  1  1]
 [-1  1  1]
 [-1  1 -1]
 [-1 -1 -1]
 [ 1 -1 -1]
 [ 1  1 -1]] 
obj 
cube
(7.842663288116455, 0.0, 0.0) (1, 1, 1) (0, 0, -1) (1, 0, 0) (0, 1, 0) 
[[-1.         -1.          1.        ]
 [ 0.91650045 -0.22125673  1.        ]
 [ 1.          1.          1.        ]
 [-0.48804307  2.5260532   1.        ]
 [-0.48804307  2.5260532  -1.        ]
 [-1.         -1.         -1.        ]
 [ 0.91650045 -0.22125673 -1.        ]
 [ 1.          1.         -1.        ]] 
mode 
False
ids [0, 1, 2, 3, 4]
sel []