obj 
cube
vec3(      1.65198,    -0.135439,    -0.214905 ) vec3(            1,            1,            1 ) vec3(            0,            0,           -1 ) vec3(            1,            0,            0 ) vec3(            0,            1,            0 ) 
[vec3( -1, -1, 1 ), vec3( 1, -1, 1 ), vec3( 1, 1, 1 ), vec3( -1, 1, 1 ), vec3( -1, 1, -1 ), vec3( -1, -1, -1 ), vec3( 1, -1, -1 ), vec3( 1, 1, -1 )] 
obj 
pyramid
vec3(     -2.68771,     0.410668,     0.461271 ) vec3(            1,            1,            1 ) vec3(     0.123351,   -0.0639177,    -0.990303 ) vec3(     0.953737,    -0.268072,     0.136099 ) vec3(    -0.268072,     0.961276,    0.0639177 ) 
[vec3( 0, 1, 0 ), vec3( 1, -1, -1 ), vec3( -1, -1, -1 ), vec3( -1, -1, 1 ), vec3( 1, -1, 1 )] 
obj 
sphere
vec3(      4.32883,     0.491598,      3.78213 ) vec3(      1.13862,      1.53756,     0.644233 ) vec3(  -0.00309606,   -0.0166023,    -0.999857 ) vec3(     0.999994,  0.000212651,  -0.00310003 ) vec3(  0.000212658,     0.999862,    0.0166023 ) 
[vec3( 0, 0.382683, -0.92388 ), vec3( 0, 0, -1 ), vec3( 0, -0.382683, -0.92388 ), vec3( 0, -0.92388, -0.382683 ), vec3( 0.146447, 0.92388, -0.353553 ), vec3( 0.270598, 0.707107, -0.653281 ), vec3( 0.353553, 0.382683, -0.853553 ), vec3( 0.382683, 0, -0.92388 ), vec3( 0.353553, -0.382683, -0.853553 ), vec3( 0.270598, -0.707107, -0.653281 ), vec3( 0.146447, -0.92388, -0.353553 ), vec3( 0.270598, 0.92388, -0.270598 ), vec3( 0.5, 0.707107, -0.5 ), vec3( 0.653282, 0.382683, -0.653281 ), vec3( 0.707107, 0, -0.707107 ), vec3( 0.653282, -0.382683, -0.653281 ), vec3( 0.5, -0.707107, -0.5 ), vec3( 0.270598, -0.92388, -0.270598 ), vec3( 0.353553, 0.92388, -0.146447 ), vec3( 0.653281, 0.707107, -0.270598 ), vec3( 0.853553, 0.382683, -0.353553 ), vec3( 0.92388, 0, -0.382683 ), vec3( 0.853553, -0.382683, -0.353553 ), vec3( 0.653281, -0.707107, -0.270598 ), vec3( 0.353553, -0.92388, -0.146447 ), vec3( 0.382683, 0.92388, 0 ), vec3( 0.707107, 0.707107, 0 ), vec3( 0.92388, 0.382683, 0 ), vec3( 1, 0, 0 ), vec3( 0.92388, -0.382683, 0 ), vec3( 0.707107, -0.707107, 0 ), vec3( 0.382683, -0.92388, 0 ), vec3( 0.353553, 0.92388, 0.146447 ), vec3( 0.653281, 0.707107, 0.270598 ), vec3( 0.853553, 0.382683, 0.353554 ), vec3( 0.923879, 0, 0.382684 ), vec3( 0.853553, -0.382683, 0.353554 ), vec3( 0.653281, -0.707107, 0.270598 ), vec3( 0.353553, -0.92388, 0.146447 ), vec3( 0.270598, 0.92388, 0.270598 ), vec3( 0.5, 0.707107, 0.5 ), vec3( 0.653281, 0.382683, 0.653282 ), vec3( 0.707107, 0, 0.707107 ), vec3( 0.653281, -0.382683, 0.653282 ), vec3( 0.5, -0.707107, 0.5 ), vec3( 0.270598, -0.92388, 0.270598 ), vec3( 0.146447, 0.92388, 0.353553 ), vec3( 0.270598, 0.707107, 0.653281 ), vec3( 0.353553, 0.382683, 0.853553 ), vec3( 0.382683, 0, 0.92388 ), vec3( 0.353553, -0.382683, 0.853553 ), vec3( 0.270598, -0.707107, 0.653281 ), vec3( 0.146447, -0.92388, 0.353553 ), vec3( -0, 0.92388, 0.382683 ), vec3( -0, 0.707107, 0.707107 ), vec3( -0.187339, 0.366784, 1.31658 ), vec3( -0, 0, 1 ), vec3( -0, -0.382683, 0.923879 ), vec3( -0, -0.707107, 0.707107 ), vec3( -0, -0.92388, 0.382683 ), vec3( 0, -1, 0 ), vec3( 0, 1, 0 ), vec3( -0.146447, 0.92388, 0.353553 ), vec3( -0.270598, 0.707107, 0.653281 ), vec3( -0.594482, 0.324321, 1.14771 ), vec3( -0.382684, 0, 0.923879 ), vec3( -0.353554, -0.382683, 0.853553 ), vec3( -0.270598, -0.707107, 0.653281 ), vec3( -0.146447, -0.92388, 0.353553 ), vec3( -0.270598, 0.92388, 0.270598 ), vec3( -0.5, 0.707107, 0.5 ), vec3( -0.89421, 0.324321, 0.947442 ), vec3( -0.707107, 0, 0.707106 ), vec3( -0.653282, -0.382683, 0.653281 ), vec3( -0.5, -0.707107, 0.5 ), vec3( -0.270598, -0.92388, 0.270598 ), vec3( -0.353553, 0.92388, 0.146446 ), vec3( -0.653281, 0.707107, 0.270598 ), vec3( -0.853553, 0.382683, 0.353553 ), vec3( -0.92388, 0, 0.382683 ), vec3( -0.853553, -0.382683, 0.353553 ), vec3( -0.653281, -0.707107, 0.270598 ), vec3( -0.353553, -0.92388, 0.146446 ), vec3( -0.382683, 0.92388, -0 ), vec3( -0.707107, 0.707107, -0 ), vec3( -0.923879, 0.382683, -0 ), vec3( -1, 0, -1e-06 ), vec3( -0.923879, -0.382683, -0 ), vec3( -0.707107, -0.707107, -0 ), vec3( -0.382683, -0.92388, -0 ), vec3( -0.353553, 0.92388, -0.146447 ), vec3( -0.653281, 0.707107, -0.270598 ), vec3( -0.853553, 0.382683, -0.353554 ), vec3( -0.923879, 0, -0.382684 ), vec3( -0.853553, -0.382683, -0.353554 ), vec3( -0.653281, -0.707107, -0.270598 ), vec3( -0.353553, -0.92388, -0.146447 ), vec3( -0.270598, 0.92388, -0.270598 ), vec3( -0.5, 0.707107, -0.5 ), vec3( -0.653281, 0.382683, -0.653282 ), vec3( -0.707106, 0, -0.707107 ), vec3( -0.653281, -0.382683, -0.653282 ), vec3( -0.5, -0.707107, -0.5 ), vec3( -0.270598, -0.92388, -0.270598 ), vec3( -0.146446, 0.92388, -0.353554 ), vec3( -0.270598, 0.707107, -0.653281 ), vec3( -0.353553, 0.382683, -0.853553 ), vec3( -0.382683, 0, -0.92388 ), vec3( -0.353553, -0.382683, -0.853553 ), vec3( -0.270598, -0.707107, -0.653281 ), vec3( -0.146446, -0.92388, -0.353554 ), vec3( 0, 0.92388, -0.382683 ), vec3( 0, 0.707107, -0.707107 ), vec3( 0, -0.707107, -0.707107 )] 
obj 
plane
vec3(     -5.99605,        4.699,      4.40995 ) vec3(            1,            1,            1 ) vec3(            0,            0,           -1 ) vec3(            1,            0,            0 ) vec3(            0,            1,            0 ) 
[vec3( -1, 0, 1 ), vec3( 1, 0, 1 ), vec3( 1, 0, -1 ), vec3( -1, 0, -1 )] 
obj 
D:/Diploma/Diploma/Graphics Engine/objects/Glock/glock.obj
vec3(      -9.7711,      4.19706,    -0.654271 ) vec3(            1,            1,            1 ) vec3(            0,            0,           -1 ) vec3(            1,            0,            0 ) vec3(            0,            1,            0 ) 
[vec3( 0.0882619, 0.311249, 0.831424 ), vec3( 0.0882619, 0.145697, 0.831424 ), vec3( 0.0882619, 0.3052, -0.919438 ), vec3( 0.0882619, 0.139647, -0.919438 ), vec3( 0.075657, 0.311249, 0.844026 ), vec3( 0.075657, 0.145697, 0.844026 ), vec3( 0.075657, 0.3052, -0.930783 ), vec3( 0.075657, 0.139647, -0.930783 ), vec3( 0.0739939, 0.347546, 0.807218 ), vec3( 0.0739939, 0.341496, -0.895214 ), vec3( 0.0613892, 0.347546, 0.819472 ), vec3( 0.0613892, 0.341496, -0.906246 ), vec3( 0.0882619, 0.309857, 0.428466 ), vec3( 0.0882619, 0.144305, 0.428466 ), vec3( 0.0739939, 0.346154, 0.415406 ), vec3( 0.0882619, 0.309966, 0.459908 ), vec3( 0.0739939, 0.346262, 0.445979 ), vec3( 0.0882619, 0.144413, 0.459908 ), vec3( 0.0882619, 0.310017, 0.47475 ), vec3( 0.0739939, 0.346313, 0.46041 ), vec3( 0.0882619, 0.144464, 0.47475 ), vec3( 0.0882619, 0.310137, 0.509615 ), vec3( 0.0739939, 0.346434, 0.49431 ), vec3( 0.0882619, 0.144585, 0.509615 ), vec3( 0.0882619, 0.310193, 0.525645 ), vec3( 0.0739939, 0.346489, 0.509897 ), vec3( 0.0882619, 0.14464, 0.525645 ), vec3( 0.0882619, 0.310301, 0.556923 ), vec3( 0.0739939, 0.346597, 0.54031 ), vec3( 0.0882619, 0.144748, 0.556923 ), vec3( 0.0882619, 0.310973, 0.75162 ), vec3( 0.0739939, 0.34727, 0.729622 ), vec3( 0.0882619, 0.145421, 0.75162 ), vec3( 0.0882619, 0.145326, 0.724153 ), vec3( 0.0882619, 0.310879, 0.724153 ), vec3( 0.0739939, 0.347175, 0.702915 ), vec3( 0.0882619, 0.145147, 0.672313 ), vec3( 0.0882619, 0.3107, 0.672313 ), vec3( 0.0739939, 0.346996, 0.652508 ), vec3( 0.0882619, 0.310814, 0.705448 ), vec3( 0.0739939, 0.347111, 0.684727 ), vec3( 0.0882619, 0.145262, 0.705448 ), vec3( 0.0882619, 0.145097, 0.657781 ), vec3( 0.0882619, 0.310649, 0.657781 ), vec3( 0.0739939, 0.346946, 0.638378 ), vec3( 0.0882619, 0.144987, 0.62597 ), vec3( 0.0882619, 0.310539, 0.62597 ), vec3( 0.0739939, 0.346836, 0.607447 ), vec3( 0.0882619, 0.144817, 0.57685 ), vec3( 0.0882619, 0.31037, 0.57685 ), vec3( 0.0739939, 0.346666, 0.559686 ), vec3( 0.0882619, 0.310467, 0.605022 ), vec3( 0.0739939, 0.346764, 0.587078 ), vec3( 0.0882619, 0.144915, 0.605022 ), vec3( 0.0962688, 0.144413, 0.459908 ), vec3( 0.0962688, 0.144305, 0.428466 ), vec3( 0.0962688, 0.309857, 0.428466 ), vec3( 0.0962688, 0.309966, 0.459908 ), vec3( 0.0962688, 0.144585, 0.509615 ), vec3( 0.0962688, 0.144464, 0.47475 ), vec3( 0.0962688, 0.310017, 0.47475 ), vec3( 0.0962688, 0.310137, 0.509615 ), vec3( 0.0962688, 0.144748, 0.556923 ), vec3( 0.0962688, 0.14464, 0.525645 ), vec3( 0.0962688, 0.310193, 0.525645 ), vec3( 0.0962688, 0.310301, 0.556923 ), vec3( 0.0962688, 0.310879, 0.724153 ), vec3( 0.0962688, 0.310973, 0.75162 ), vec3( 0.0962688, 0.145421, 0.75162 ), vec3( 0.0962688, 0.145326, 0.724153 ), vec3( 0.0962688, 0.145262, 0.705448 ), vec3( 0.0962688, 0.145147, 0.672313 ), vec3( 0.0962688, 0.3107, 0.672313 ), vec3( 0.0962688, 0.310814, 0.705448 ), vec3( 0.0962688, 0.310539, 0.62597 ), vec3( 0.0962688, 0.310649, 0.657781 ), vec3( 0.0962688, 0.145097, 0.657781 ), vec3( 0.0962688, 0.144987, 0.62597 ), vec3( 0.0962688, 0.144915, 0.605022 ), vec3( 0.0962688, 0.144817, 0.57685 ), vec3( 0.0962688, 0.31037, 0.57685 ), vec3( 0.0962688, 0.310467, 0.605022 ), vec3( 0.106548, -0.771693, 0.900343 ), vec3( 0.106548, -0.883052, 0.900343 ), vec3( 0.106548, -0.771693, 0.553729 ), vec3( 0.106548, -0.87465, 0.553729 ), vec3( 0.106548, -0.799125, 0.51312 ), vec3( 0.106548, -0.847218, 0.51312 ), vec3( 0.106548, -0.771693, 0.912946 ), vec3( 0.106548, -0.883052, 0.924149 ), vec3( 0.106548, -0.488827, 0.750202 ), vec3( 0.106548, -0.488827, 0.415404 ), vec3( 0.106548, -0.249294, 0.645177 ), vec3( 0.106548, -0.249294, 0.310379 ), vec3( 0.0616195, -0.771692, 0.988797 ), vec3( 0.0616195, -0.816537, 1 ), vec3( 0.106548, -0.572146, 0.818658 ), vec3( 0.106548, -0.572146, 0.83126 ), vec3( 0.0616195, -0.572146, 0.922235 ), vec3( 0.0616195, -0.668732, 0.966721 ), vec3( 0.106548, -0.668732, 0.870799 ), vec3( 0.106548, -0.668732, 0.858196 ), vec3( 0.106548, -0.35743, 0.707798 ), vec3( 0.106548, -0.35743, 0.720401 ), vec3( 0.0616195, -0.35743, 0.796252 ), vec3( 0.106548, -0.171887, 0.636615 ), vec3( 0.106548, -0.171887, 0.649218 ), vec3( 0.0616195, -0.171887, 0.725069 ), vec3( 0.0602079, -0.771693, 0.445165 ), vec3( 0.0602079, -0.799125, 0.444426 ), vec3( 0.0602079, -0.847218, 0.451233 ), vec3( 0.0602079, -0.488827, 0.334068 ), vec3( 0.0602079, -0.278192, 0.241768 ), vec3( 0.106548, -0.616934, 0.818199 ), vec3( 0.106548, -0.616934, 0.47805 ), vec3( 0.0602079, -0.616934, 0.357101 ), vec3( 0.106548, -0.657109, 0.839524 ), vec3( 0.106548, -0.657109, 0.497696 ), vec3( 0.0602079, -0.657109, 0.401749 ), vec3( 0.106548, -0.57889, 0.459446 ), vec3( 0.0602079, -0.57889, 0.370877 ), vec3( 0.106548, -0.57889, 0.798006 ), vec3( 0.106548, -0.448239, 0.732406 ), vec3( 0.106548, -0.448239, 0.397608 ), vec3( 0.0602079, -0.448239, 0.287496 ), vec3( 0.106548, -0.414147, 0.38266 ), vec3( 0.0602079, -0.414147, 0.302126 ), vec3( 0.106548, -0.414147, 0.717458 ), vec3( 0.106548, -0.291567, 0.328914 ), vec3( 0.0602079, -0.291567, 0.252123 ), vec3( 0.106548, -0.291567, 0.663712 ), vec3( 0.106548, -0.152372, 0.623837 ), vec3( 0.106548, -0.152372, 0.27659 ), vec3( 0.0602079, -0.152372, 0.194196 ), vec3( 0.106548, -0.0562926, 0.60994 ), vec3( 0.106548, -0.0562926, 0.622542 ), vec3( 0.0616195, -0.0562926, 0.704084 ), vec3( 0.0616195, -0.114258, 0.703778 ), vec3( 0.106548, -0.114258, 0.627927 ), vec3( 0.106548, -0.114258, 0.615324 ), vec3( 0.106548, -0.0643431, 0.210791 ), vec3( 0.0602079, -0.0643431, 0.142179 ), vec3( 0.106548, -0.108358, 0.24369 ), vec3( 0.0602079, -0.108358, 0.181303 ), vec3( 0.089042, -0.0141681, 0.0838008 ), vec3( 0.0777143, -0.0433928, 0.084218 ), vec3( 0.097795, -0.026807, 0.157966 ), vec3( 0.0689611, -0.0538632, 0.113198 ), vec3( 0.089042, -0.000296871, -0.0325047 ), vec3( 0.0777143, -0.0295214, -0.0320873 ), vec3( 0.0602079, -0.268269, 0.187187 ), vec3( 0.0602079, -0.22025, 0.166437 ), vec3( 0.0602079, -0.190016, 0.184022 ), vec3( 0.0602079, -0.267365, 0.214477 ), vec3( 0.0602079, -0.297106, 0.127908 ), vec3( 0.0602079, -0.256497, 0.114568 ), vec3( 0.0602079, -0.304001, 0.104443 ), vec3( 0.0602079, -0.260511, 0.0911035 ), vec3( 0.0602079, -0.300296, -0.163548 ), vec3( 0.0602079, -0.252508, -0.155892 ), vec3( 0.0602079, -0.239145, 0.140503 ), vec3( 0.0602079, -0.281916, 0.157547 ), vec3( 0.0602079, -0.297629, -0.224012 ), vec3( 0.0602079, -0.204327, -0.209244 ), vec3( 0.0602079, -0.294961, -0.275585 ), vec3( 0.0602079, -0.207835, -0.261755 ), vec3( 0.0602079, -0.288457, -0.28312 ), vec3( 0.0602079, -0.273, -0.280146 ), vec3( 0.0602079, -0.11866, -0.215814 ), vec3( 0.0602079, -0.121839, -0.25963 ), vec3( 0.0602079, -0.0914907, -0.214036 ), vec3( 0.0602079, -0.0946697, -0.25963 ), vec3( 0.0602079, -0.051579, -0.195781 ), vec3( 0.0602079, -0.0567774, -0.272698 ), vec3( 0.089042, -0.00844773, -0.0947477 ), vec3( 0.0777143, -0.0221116, -0.0943303 ), vec3( 0.089042, 0.00489008, -0.151063 ), vec3( 0.0777143, -0.0221116, -0.150645 ), vec3( 0.089042, 0.00489008, -0.318526 ), vec3( 0.0777143, -0.0221116, -0.318109 ), vec3( 0.106548, 0.00452783, 0.630213 ), vec3( 0.106548, 0.00452783, 0.642816 ), vec3( 0.0616195, 0.00452783, 0.729693 ), vec3( 0.106548, 0.103129, 0.809409 ), vec3( 0.106548, 0.0907788, 0.822012 ), vec3( 0.0616195, 0.0592869, 0.823057 ), vec3( 0.0616195, 0.0476533, 0.776375 ), vec3( 0.106548, 0.0476533, 0.689498 ), vec3( 0.106548, 0.0476533, 0.676895 ), vec3( 0.106548, 0.0728216, 0.766834 ), vec3( 0.106548, 0.0855865, 0.743734 ), vec3( 0.0616195, 0.0544428, 0.803619 ), vec3( 0.0996853, 0.0945454, 0.862303 ), vec3( 0.0996853, 0.0878549, 0.869131 ), vec3( 0.0753451, 0.0707941, 0.869697 ), vec3( 0.106548, 0.114836, 0.794589 ), vec3( 0.0996853, 0.115515, 0.847483 ), vec3( 0.106548, -0.771693, 0.848351 ), vec3( 0.106548, -0.881792, 0.848351 ), vec3( 0.106548, -0.488827, 0.699982 ), vec3( 0.106548, -0.249294, 0.594957 ), vec3( 0.106548, -0.616934, 0.767177 ), vec3( 0.106548, -0.657109, 0.788249 ), vec3( 0.106548, -0.57889, 0.747222 ), vec3( 0.106548, -0.448239, 0.682186 ), vec3( 0.106548, -0.414147, 0.667238 ), vec3( 0.106548, -0.291567, 0.613493 ), vec3( 0.106548, -0.152372, 0.57175 ), vec3( 0.106548, -0.876548, 0.63203 ), vec3( 0.106548, -0.771693, 0.63203 ), vec3( 0.106548, -0.488827, 0.491035 ), vec3( 0.106548, -0.249294, 0.38601 ), vec3( 0.106548, -0.616934, 0.55489 ), vec3( 0.106548, -0.657109, 0.574915 ), vec3( 0.106548, -0.57889, 0.535927 ), vec3( 0.106548, -0.448239, 0.473239 ), vec3( 0.106548, -0.414147, 0.458291 ), vec3( 0.106548, -0.291567, 0.404545 ), vec3( 0.106548, -0.152372, 0.355033 ), vec3( 0.106548, 0.00896151, 0.577741 ), vec3( 0.106548, 0.00896151, 0.525654 ), vec3( 0.106548, 0.109736, 0.577741 ), vec3( 0.106548, 0.108995, 0.525654 ), vec3( 0.106548, 0.00896151, 0.405614 ), vec3( 0.106548, 0.108995, 0.405614 ), vec3( 0.106548, -0.00615453, 0.525654 ), vec3( 0.106548, -0.00615453, 0.405614 ), vec3( 0.106548, -0.00592403, 0.581994 ), vec3( 0.106548, -0.00592403, 0.529907 ), vec3( 0.106548, 0.00896151, 0.0801718 ), vec3( 0.106548, 0.108995, 0.0801718 ), vec3( 0.106548, -0.00615453, 0.0801718 ), vec3( 0.106548, 0.017523, -0.0318658 ), vec3( 0.106548, 0.106507, -0.0670775 ), vec3( 0.106548, 0.00697877, -0.0318658 ), vec3( 0.106548, 0.00896151, 0.278558 ), vec3( 0.106548, -0.00615453, 0.278558 ), vec3( 0.106548, 0.108995, 0.278558 ), vec3( 0.101109, -0.128837, 0.317095 ), vec3( 0.101109, -0.128837, 0.529146 ), vec3( 0.101109, -0.128837, 0.373451 ), vec3( 0.101109, -0.0237899, 0.49603 ), vec3( 0.101109, -0.0237899, 0.40979 ), vec3( 0.101109, -0.0236243, 0.499085 ), vec3( 0.101109, -0.0237899, 0.318509 ), vec3( 0.095863, -0.106713, 0.355172 ), vec3( 0.095863, -0.106713, 0.489097 ), vec3( 0.095863, -0.106713, 0.390765 ), vec3( 0.095863, -0.0403679, 0.468182 ), vec3( 0.095863, -0.0403679, 0.413715 ), vec3( 0.095863, -0.0402633, 0.470112 ), vec3( 0.095863, -0.0403679, 0.356065 ), vec3( 0.089042, 0.0991438, -0.192854 ), vec3( 0.089042, 0.0991438, -0.360318 ), vec3( 0.089042, 0.00489008, -0.389661 ), vec3( 0.0777143, -0.0149981, -0.400803 ), vec3( 0.089042, 0.0991438, -0.394107 ), vec3( 0.089042, 0.00489008, -0.429644 ), vec3( 0.0777143, -0.0149981, -0.430116 ), vec3( 0.089042, 0.0991438, -0.43409 ), vec3( 0.0817199, 0.00489008, -0.684705 ), vec3( 0.0777143, -0.0149981, -0.685177 ), vec3( 0.0817199, 0.0991438, -0.689151 ), vec3( 0.0817199, 0.00914263, -0.441352 ), vec3( 0.0817199, 0.0948914, -0.445397 ), vec3( 0.0817199, 0.00914263, -0.673398 ), vec3( 0.0817199, 0.0948914, -0.677443 ), vec3( 0.0817199, 0.00489008, -0.917672 ), vec3( 0.0817199, 0.0991438, -0.922118 ), vec3( 0.0817199, 0.00241395, -0.715827 ), vec3( 0.0777143, -0.017474, -0.716299 ), vec3( 0.0817199, 0.00241395, -0.918055 ), vec3( 0.0777143, -0.017474, -0.918527 ), vec3( 0.0817199, 0.0991438, -0.722138 ), vec3( 0.0817199, 0.00489008, -0.717692 ), vec3( 0.0817199, 0.0274577, -0.9257 ), vec3( 0.0817199, 0.0988061, -0.930146 ), vec3( 0.0970083, 0.141355, 0.794589 ), vec3( 0.0901455, 0.142034, 0.847483 ), vec3( 0.0970083, 0.136255, 0.577741 ), vec3( 0.0970083, 0.135514, 0.525654 ), vec3( 0.0970083, 0.135514, 0.405614 ), vec3( 0.0970083, 0.135514, 0.0801718 ), vec3( 0.0970083, 0.133025, -0.0670775 ), vec3( 0.0970083, 0.135514, 0.278558 ), vec3( 0.0795019, 0.125662, -0.192854 ), vec3( 0.0795019, 0.125662, -0.360318 ), vec3( 0.0795019, 0.125662, -0.394107 ), vec3( 0.0795019, 0.125662, -0.43409 ), vec3( 0.0721801, 0.125662, -0.689151 ), vec3( 0.0721801, 0.125662, -0.922118 ), vec3( 0.0721801, 0.125662, -0.722138 ), vec3( 0.0721801, 0.125325, -0.930146 ), vec3( 0.0901859, 0.010653, -0.0452893 ), vec3( 0.0901859, 0.0041494, -0.0949538 ), vec3( 0.0901859, 0.0147918, -0.139888 ), vec3( 0.104154, 0.0248718, -0.0447796 ), vec3( 0.104154, 0.0958732, -0.0728754 ), vec3( 0.104154, 0.0164585, -0.0447796 ), vec3( 0.0901859, 0.0899981, -0.173235 ), vec3( 0.0965423, 0.117033, -0.0728754 ), vec3( 0.0825738, 0.111158, -0.173235 ), vec3( 0.106548, -0.168075, 0.282064 ), vec3( 0.0602079, -0.172757, 0.201903 ), vec3( 0.106548, -0.168075, 0.627294 ), vec3( 0.0602079, -0.22803, 0.169799 ), vec3( 0.0602079, -0.202548, 0.188956 ), vec3( 0.0602079, -0.263076, 0.116729 ), vec3( 0.0602079, -0.267557, 0.0932647 ), vec3( 0.0602079, -0.26025, -0.157133 ), vec3( 0.0602079, -0.246075, 0.143264 ), vec3( 0.0602079, -0.219443, -0.211636 ), vec3( 0.0602079, -0.22195, -0.263995 ), vec3( 0.0602079, -0.275505, -0.280628 ), vec3( 0.106548, -0.168075, 0.57551 ), vec3( 0.106548, -0.168075, 0.360052 ), vec3( 0.0602079, -0.204935, -0.218342 ), vec3( 0.0602079, -0.297167, -0.232948 ), vec3( 0.0602079, -0.119211, -0.223406 ), vec3( 0.0602079, -0.0920415, -0.221936 ), vec3( 0.0602079, -0.0524798, -0.209109 ), vec3( 0.089042, 0.00489008, -0.180079 ), vec3( 0.0777143, -0.0221116, -0.179661 ), vec3( 0.089042, 0.0991438, -0.22187 ), vec3( 0.0795019, 0.125662, -0.22187 ), vec3( 0.0602079, -0.219878, -0.220708 ), vec3( 0.051698, -0.159278, 0.170589 ), vec3( 0.051698, -0.219498, 0.145962 ), vec3( 0.051698, -0.192675, 0.161563 ), vec3( 0.051698, -0.251655, 0.0999446 ), vec3( 0.051698, -0.255216, 0.0791273 ), vec3( 0.051698, -0.248116, -0.140003 ), vec3( 0.051698, -0.236261, 0.122953 ), vec3( 0.051698, -0.205371, -0.187335 ), vec3( 0.051698, -0.129369, -0.193164 ), vec3( 0.051698, -0.105265, -0.191586 ), vec3( 0.051698, -0.0698561, -0.175392 ), vec3( -0.0952319, 0.310973, 0.75162 ), vec3( -0.0952319, 0.311249, 0.831424 ), vec3( -0.0952319, 0.145697, 0.831424 ), vec3( -0.0952319, 0.144305, 0.428466 ), vec3( -0.0952319, 0.139647, -0.919438 ), vec3( -0.0952319, 0.3052, -0.919438 ), vec3( -0.0826269, 0.311249, 0.844026 ), vec3( -0.0826269, 0.145697, 0.844026 ), vec3( -0.0826269, 0.139647, -0.930783 ), vec3( -0.0826269, 0.3052, -0.930783 ), vec3( -0.0809641, 0.34727, 0.729622 ), vec3( -0.0809641, 0.347546, 0.807218 ), vec3( -0.0683591, 0.347546, 0.819472 ), vec3( -0.0683591, 0.341496, -0.906246 ), vec3( -0.0809641, 0.341496, -0.895214 ), vec3( -0.0952319, 0.309857, 0.428466 ), vec3( -0.0952319, 0.144413, 0.459908 ), vec3( -0.0809641, 0.346154, 0.415406 ), vec3( -0.0952319, 0.309966, 0.459908 ), vec3( -0.0809641, 0.346262, 0.445979 ), vec3( -0.0952319, 0.144464, 0.47475 ), vec3( -0.0952319, 0.310017, 0.47475 ), vec3( -0.0809641, 0.346313, 0.46041 ), vec3( -0.0952319, 0.144585, 0.509615 ), vec3( -0.0952319, 0.310137, 0.509615 ), vec3( -0.0809641, 0.346434, 0.49431 ), vec3( -0.0952319, 0.14464, 0.525645 ), vec3( -0.0952319, 0.310193, 0.525645 ), vec3( -0.0809641, 0.346489, 0.509897 ), vec3( -0.0952319, 0.144748, 0.556923 ), vec3( -0.0952319, 0.310301, 0.556923 ), vec3( -0.0809641, 0.346597, 0.54031 ), vec3( -0.0952319, 0.144817, 0.57685 ), vec3( -0.0952319, 0.310879, 0.724153 ), vec3( -0.0809641, 0.347175, 0.702915 ), vec3( -0.0952319, 0.145421, 0.75162 ), vec3( -0.0952319, 0.145326, 0.724153 ), vec3( -0.0952319, 0.310814, 0.705448 ), vec3( -0.0809641, 0.347111, 0.684727 ), vec3( -0.0952319, 0.145262, 0.705448 ), vec3( -0.0952319, 0.145147, 0.672313 ), vec3( -0.0952319, 0.310649, 0.657781 ), vec3( -0.0952319, 0.3107, 0.672313 ), vec3( -0.0809641, 0.346946, 0.638378 ), vec3( -0.0809641, 0.346996, 0.652508 ), vec3( -0.0952319, 0.145097, 0.657781 ), vec3( -0.0952319, 0.310539, 0.62597 ), vec3( -0.0809641, 0.346836, 0.607447 ), vec3( -0.0952319, 0.144987, 0.62597 ), vec3( -0.0952319, 0.310467, 0.605022 ), vec3( -0.0809641, 0.346764, 0.587078 ), vec3( -0.0952319, 0.144915, 0.605022 ), vec3( -0.0952319, 0.31037, 0.57685 ), vec3( -0.0809641, 0.346666, 0.559686 ), vec3( -0.103239, 0.144413, 0.459908 ), vec3( -0.103239, 0.144305, 0.428466 ), vec3( -0.103239, 0.309857, 0.428466 ), vec3( -0.103239, 0.309966, 0.459908 ), vec3( -0.103239, 0.144585, 0.509615 ), vec3( -0.103239, 0.144464, 0.47475 ), vec3( -0.103239, 0.310017, 0.47475 ), vec3( -0.103239, 0.310137, 0.509615 ), vec3( -0.103239, 0.144748, 0.556923 ), vec3( -0.103239, 0.14464, 0.525645 ), vec3( -0.103239, 0.310193, 0.525645 ), vec3( -0.103239, 0.310301, 0.556923 ), vec3( -0.103239, 0.310879, 0.724153 ), vec3( -0.103239, 0.310973, 0.75162 ), vec3( -0.103239, 0.145421, 0.75162 ), vec3( -0.103239, 0.145326, 0.724153 ), vec3( -0.103239, 0.145262, 0.705448 ), vec3( -0.103239, 0.145147, 0.672313 ), vec3( -0.103239, 0.3107, 0.672313 ), vec3( -0.103239, 0.310814, 0.705448 ), vec3( -0.103239, 0.310539, 0.62597 ), vec3( -0.103239, 0.310649, 0.657781 ), vec3( -0.103239, 0.145097, 0.657781 ), vec3( -0.103239, 0.144987, 0.62597 ), vec3( -0.103239, 0.144915, 0.605022 ), vec3( -0.103239, 0.144817, 0.57685 ), vec3( -0.103239, 0.31037, 0.57685 ), vec3( -0.103239, 0.310467, 0.605022 ), vec3( -0.113518, -0.771693, 0.848351 ), vec3( -0.113518, -0.771693, 0.900343 ), vec3( -0.113518, -0.883052, 0.900343 ), vec3( -0.113518, -0.876548, 0.63203 ), vec3( -0.113518, -0.87465, 0.553729 ), vec3( -0.113518, -0.771693, 0.553729 ), vec3( -0.113518, -0.847218, 0.51312 ), vec3( -0.113518, -0.799125, 0.51312 ), vec3( -0.113518, -0.771693, 0.912946 ), vec3( -0.113518, -0.883052, 0.924149 ), vec3( -0.113518, -0.488827, 0.699982 ), vec3( -0.113518, -0.488827, 0.750202 ), vec3( -0.113518, -0.657109, 0.839524 ), vec3( -0.113518, -0.57889, 0.459446 ), vec3( -0.113518, -0.488827, 0.415404 ), vec3( -0.113518, -0.249294, 0.594957 ), vec3( -0.113518, -0.249294, 0.645177 ), vec3( -0.113518, -0.448239, 0.732406 ), vec3( -0.113518, -0.291567, 0.328914 ), vec3( -0.113518, -0.249294, 0.310379 ), vec3( -0.0685896, -0.771692, 0.988797 ), vec3( -0.0685896, -0.816537, 1 ), vec3( -0.113518, -0.572146, 0.818658 ), vec3( -0.113518, -0.572146, 0.83126 ), vec3( -0.0685896, -0.572146, 0.922235 ), vec3( -0.0685896, -0.668732, 0.966721 ), vec3( -0.113518, -0.668732, 0.870799 ), vec3( -0.113518, -0.668732, 0.858196 ), vec3( -0.113518, -0.35743, 0.707798 ), vec3( -0.113518, -0.35743, 0.720401 ), vec3( -0.0685896, -0.35743, 0.796252 ), vec3( -0.113518, -0.171887, 0.636615 ), vec3( -0.113518, -0.171887, 0.649218 ), vec3( -0.0685896, -0.171887, 0.725069 ), vec3( -0.0671778, -0.847218, 0.451233 ), vec3( -0.0671778, -0.799125, 0.444426 ), vec3( -0.0671778, -0.771693, 0.445165 ), vec3( -0.0671778, -0.57889, 0.370877 ), vec3( -0.0671778, -0.488827, 0.334068 ), vec3( -0.0671778, -0.291567, 0.252123 ), vec3( -0.0671778, -0.278192, 0.241768 ), vec3( -0.113518, -0.57889, 0.798006 ), vec3( -0.113518, -0.616934, 0.818199 ), vec3( -0.113518, -0.657109, 0.497696 ), vec3( -0.113518, -0.616934, 0.47805 ), vec3( -0.0671778, -0.657109, 0.401749 ), vec3( -0.0671778, -0.616934, 0.357101 ), vec3( -0.113518, -0.616934, 0.767177 ), vec3( -0.113518, -0.657109, 0.788249 ), vec3( -0.113518, -0.57889, 0.747222 ), vec3( -0.113518, -0.414147, 0.717458 ), vec3( -0.113518, -0.448239, 0.397608 ), vec3( -0.0671778, -0.448239, 0.287496 ), vec3( -0.113518, -0.448239, 0.682186 ), vec3( -0.113518, -0.414147, 0.38266 ), vec3( -0.0671778, -0.414147, 0.302126 ), vec3( -0.113518, -0.291567, 0.663712 ), vec3( -0.113518, -0.414147, 0.667238 ), vec3( -0.113518, -0.291567, 0.613493 ), vec3( -0.113518, -0.152372, 0.57175 ), vec3( -0.113518, -0.152372, 0.623837 ), vec3( -0.0671778, -0.152372, 0.194196 ), vec3( -0.113518, -0.152372, 0.27659 ), vec3( -0.113518, -0.168075, 0.282064 ), vec3( -0.0671778, -0.172757, 0.201903 ), vec3( -0.113518, -0.168075, 0.627294 ), vec3( -0.113518, -0.0562926, 0.60994 ), vec3( -0.113518, -0.0562926, 0.622542 ), vec3( -0.0685896, -0.0562926, 0.704084 ), vec3( -0.0685896, -0.114258, 0.703778 ), vec3( -0.113518, -0.114258, 0.627927 ), vec3( -0.113518, -0.114258, 0.615324 ), vec3( -0.0671778, -0.0643431, 0.142179 ), vec3( -0.113518, -0.0643431, 0.210791 ), vec3( -0.113518, -0.108358, 0.24369 ), vec3( -0.0671778, -0.108358, 0.181303 ), vec3( -0.0846842, -0.0433928, 0.084218 ), vec3( -0.0960119, -0.0141681, 0.0838008 ), vec3( -0.104765, -0.026807, 0.157966 ), vec3( -0.075931, -0.0538632, 0.113198 ), vec3( -0.0846842, -0.0295214, -0.0320873 ), vec3( -0.0960119, -0.000296871, -0.0325047 ), vec3( -0.0671778, -0.22803, 0.169799 ), vec3( -0.0671778, -0.22025, 0.166437 ), vec3( -0.0671778, -0.190016, 0.184022 ), vec3( -0.0671778, -0.267365, 0.214477 ), vec3( -0.0671778, -0.268269, 0.187187 ), vec3( -0.0671778, -0.202548, 0.188956 ), vec3( -0.0671778, -0.263076, 0.116729 ), vec3( -0.0671778, -0.256497, 0.114568 ), vec3( -0.0671778, -0.239145, 0.140503 ), vec3( -0.0671778, -0.281916, 0.157547 ), vec3( -0.0671778, -0.297106, 0.127908 ), vec3( -0.0671778, -0.267557, 0.0932647 ), vec3( -0.0671778, -0.260511, 0.0911035 ), vec3( -0.0671778, -0.304001, 0.104443 ), vec3( -0.0671778, -0.26025, -0.157133 ), vec3( -0.0671778, -0.252508, -0.155892 ), vec3( -0.0671778, -0.300296, -0.163548 ), vec3( -0.0671778, -0.246075, 0.143264 ), vec3( -0.0671778, -0.219443, -0.211636 ), vec3( -0.0671778, -0.204327, -0.209244 ), vec3( -0.0671778, -0.297629, -0.224012 ), vec3( -0.0671778, -0.22195, -0.263995 ), vec3( -0.0671778, -0.207835, -0.261755 ), vec3( -0.0671778, -0.204935, -0.218342 ), vec3( -0.0671778, -0.297167, -0.232948 ), vec3( -0.0671778, -0.294961, -0.275585 ), vec3( -0.0671778, -0.275505, -0.280628 ), vec3( -0.0671778, -0.273, -0.280146 ), vec3( -0.0671778, -0.288457, -0.28312 ), vec3( -0.0671778, -0.119211, -0.223406 ), vec3( -0.0671778, -0.11866, -0.215814 ), vec3( -0.0671778, -0.121839, -0.25963 ), vec3( -0.0671778, -0.0920415, -0.221936 ), vec3( -0.0671778, -0.0914907, -0.214036 ), vec3( -0.0671778, -0.0946697, -0.25963 ), vec3( -0.0671778, -0.0524798, -0.209109 ), vec3( -0.0671778, -0.051579, -0.195781 ), vec3( -0.0671778, -0.0567774, -0.272698 ), vec3( -0.0846842, -0.0221116, -0.0943303 ), vec3( -0.0960119, -0.00844773, -0.0947477 ), vec3( -0.0846842, -0.0221116, -0.150645 ), vec3( -0.0960119, 0.00489008, -0.151063 ), vec3( -0.0846842, -0.0221116, -0.318109 ), vec3( -0.0960119, 0.00489008, -0.318526 ), vec3( -0.0960119, 0.00489008, -0.180079 ), vec3( -0.0846842, -0.0221116, -0.179661 ), vec3( -0.113518, 0.00452783, 0.630213 ), vec3( -0.113518, 0.00452783, 0.642816 ), vec3( -0.0685896, 0.00452783, 0.729693 ), vec3( -0.113518, 0.103129, 0.809409 ), vec3( -0.113518, 0.0907788, 0.822012 ), vec3( -0.0685896, 0.0592869, 0.823057 ), vec3( -0.0685896, 0.0476533, 0.776375 ), vec3( -0.113518, 0.0728216, 0.766834 ), vec3( -0.113518, 0.0855865, 0.743734 ), vec3( -0.0685896, 0.0544428, 0.803619 ), vec3( -0.113518, 0.0476533, 0.689498 ), vec3( -0.113518, 0.0476533, 0.676895 ), vec3( -0.106656, 0.0945454, 0.862303 ), vec3( -0.106656, 0.0878549, 0.869131 ), vec3( -0.0823153, 0.0707941, 0.869697 ), vec3( -0.113518, 0.114836, 0.794589 ), vec3( -0.106656, 0.115515, 0.847483 ), vec3( -0.113518, -0.771693, 0.63203 ), vec3( -0.113518, -0.881792, 0.848351 ), vec3( -0.113518, -0.488827, 0.491035 ), vec3( -0.113518, -0.249294, 0.38601 ), vec3( -0.113518, -0.616934, 0.55489 ), vec3( -0.113518, -0.657109, 0.574915 ), vec3( -0.113518, -0.57889, 0.535927 ), vec3( -0.113518, -0.448239, 0.473239 ), vec3( -0.113518, -0.414147, 0.458291 ), vec3( -0.113518, -0.291567, 0.404545 ), vec3( -0.113518, -0.152372, 0.355033 ), vec3( -0.113518, -0.168075, 0.57551 ), vec3( -0.113518, -0.168075, 0.360052 ), vec3( -0.113518, 0.00896171, 0.525654 ), vec3( -0.113518, 0.00896171, 0.577741 ), vec3( -0.113518, -0.00592403, 0.581994 ), vec3( -0.113518, -0.00592403, 0.529907 ), vec3( -0.113518, 0.108995, 0.525654 ), vec3( -0.113518, 0.109736, 0.577741 ), vec3( -0.113518, 0.00896171, 0.405614 ), vec3( -0.113518, 0.108995, 0.405614 ), vec3( -0.113518, -0.00615453, 0.525654 ), vec3( -0.113518, -0.00615453, 0.405614 ), vec3( -0.113518, 0.00896171, 0.0801718 ), vec3( -0.113518, 0.108995, 0.0801718 ), vec3( -0.113518, -0.00615453, 0.0801718 ), vec3( -0.113518, 0.00896171, 0.278558 ), vec3( -0.113518, -0.00615453, 0.278558 ), vec3( -0.113518, 0.108995, 0.278558 ), vec3( -0.113518, 0.017523, -0.0318658 ), vec3( -0.113518, 0.106507, -0.0670775 ), vec3( -0.113518, 0.00697897, -0.0318658 ), vec3( -0.108079, -0.128837, 0.373451 ), vec3( -0.108079, -0.128837, 0.529146 ), vec3( -0.108079, -0.128837, 0.317095 ), vec3( -0.108079, -0.0237899, 0.49603 ), vec3( -0.108079, -0.0237899, 0.40979 ), vec3( -0.108079, -0.0236243, 0.499085 ), vec3( -0.108079, -0.0237899, 0.318509 ), vec3( -0.102833, -0.106713, 0.390765 ), vec3( -0.102833, -0.106713, 0.489097 ), vec3( -0.102833, -0.106713, 0.355172 ), vec3( -0.102833, -0.0403679, 0.468182 ), vec3( -0.102833, -0.0403679, 0.413715 ), vec3( -0.102833, -0.0402633, 0.470112 ), vec3( -0.102833, -0.0403679, 0.356065 ), vec3( -0.0960119, 0.099144, -0.22187 ), vec3( -0.0960119, 0.099144, -0.192854 ), vec3( -0.0960119, 0.099144, -0.360318 ), vec3( -0.0846842, -0.0149981, -0.400803 ), vec3( -0.0960119, 0.00489008, -0.389661 ), vec3( -0.0960119, 0.099144, -0.394107 ), vec3( -0.0846842, -0.0149981, -0.430116 ), vec3( -0.0960119, 0.00489008, -0.429644 ), vec3( -0.0960119, 0.099144, -0.43409 ), vec3( -0.0846842, -0.0149981, -0.685177 ), vec3( -0.0886899, 0.00489008, -0.684705 ), vec3( -0.0886899, 0.099144, -0.689151 ), vec3( -0.0886899, 0.00914263, -0.441352 ), vec3( -0.0886899, 0.0948914, -0.445397 ), vec3( -0.0886899, 0.00914263, -0.673398 ), vec3( -0.0886899, 0.0948914, -0.677443 ), vec3( -0.0886899, 0.00489008, -0.917672 ), vec3( -0.0886899, 0.099144, -0.922118 ), vec3( -0.0886899, 0.099144, -0.722138 ), vec3( -0.0886899, 0.00489008, -0.717692 ), vec3( -0.0846842, -0.017474, -0.716299 ), vec3( -0.0886899, 0.00241395, -0.715827 ), vec3( -0.0846842, -0.017474, -0.918527 ), vec3( -0.0886899, 0.00241395, -0.918055 ), vec3( -0.0886899, 0.0274577, -0.9257 ), vec3( -0.0886899, 0.0988061, -0.930146 ), vec3( -0.103978, 0.141355, 0.794589 ), vec3( -0.0971154, 0.142034, 0.847483 ), vec3( -0.103978, 0.135514, 0.525654 ), vec3( -0.103978, 0.136255, 0.577741 ), vec3( -0.103978, 0.135514, 0.405614 ), vec3( -0.103978, 0.135514, 0.278558 ), vec3( -0.103978, 0.133025, -0.0670775 ), vec3( -0.103978, 0.135514, 0.0801718 ), vec3( -0.0864721, 0.125662, -0.22187 ), vec3( -0.0864721, 0.125662, -0.192854 ), vec3( -0.0864721, 0.125662, -0.394107 ), vec3( -0.0864721, 0.125662, -0.360318 ), vec3( -0.0864721, 0.125662, -0.43409 ), vec3( -0.0791501, 0.125662, -0.689151 ), vec3( -0.0791501, 0.125662, -0.722138 ), vec3( -0.0791501, 0.125662, -0.922118 ), vec3( -0.0791501, 0.125325, -0.930146 ), vec3( -0.0971558, 0.0041494, -0.0949538 ), vec3( -0.0971558, 0.0106532, -0.0452893 ), vec3( -0.0971558, 0.0147918, -0.139888 ), vec3( -0.111124, 0.0248718, -0.0447796 ), vec3( -0.111124, 0.0958732, -0.0728754 ), vec3( -0.111124, 0.0164585, -0.0447796 ), vec3( -0.0971558, 0.0899981, -0.173235 ), vec3( -0.0895437, 0.111158, -0.173235 ), vec3( -0.103512, 0.117033, -0.0728754 ), vec3( -0.0671778, -0.219878, -0.220708 ), vec3( -0.0586679, -0.192675, 0.161563 ), vec3( -0.0586679, -0.159278, 0.170589 ), vec3( -0.0586679, -0.219498, 0.145962 ), vec3( -0.0586679, -0.236261, 0.122953 ), vec3( -0.0586679, -0.255216, 0.0791273 ), vec3( -0.0586679, -0.251655, 0.0999446 ), vec3( -0.0586679, -0.248116, -0.140003 ), vec3( -0.0586679, -0.205371, -0.187335 ), vec3( -0.0586679, -0.129369, -0.193164 ), vec3( -0.0586679, -0.105265, -0.191586 ), vec3( -0.0586679, -0.0698561, -0.175392 ), vec3( 0.00617112, 0.341496, -0.895214 ), vec3( 0.00617112, 0.346154, 0.415406 ), vec3( -0.0131411, 0.341496, -0.895214 ), vec3( -0.0131411, 0.346154, 0.415406 ), vec3( 0.0882619, 0.139879, -0.85247 ), vec3( 0.0882619, 0.305431, -0.85247 ), vec3( 0.0739939, 0.341728, -0.830099 ), vec3( -0.0952319, 0.139879, -0.85247 ), vec3( -0.0952319, 0.305431, -0.85247 ), vec3( -0.0809641, 0.341728, -0.830099 ), vec3( 0.00617112, 0.341728, -0.830099 ), vec3( -0.0131411, 0.341728, -0.830099 ), vec3( 0.0882619, 0.139687, -0.907892 ), vec3( -0.0952319, 0.139687, -0.907892 ), vec3( 0.0882619, 0.30524, -0.907892 ), vec3( 0.0739939, 0.341536, -0.883988 ), vec3( -0.0952319, 0.30524, -0.907892 ), vec3( -0.0809641, 0.341536, -0.883988 ), vec3( 0.00617112, 0.341536, -0.883988 ), vec3( -0.0131411, 0.341536, -0.883988 ), vec3( 0.00617112, 0.390222, -0.884161 ), vec3( 0.00617112, 0.390413, -0.867069 ), vec3( -0.0131411, 0.390222, -0.884161 ), vec3( -0.0131411, 0.390413, -0.867069 ), vec3( 0.00101556, 0.394461, -0.879645 ), vec3( 0.00101556, 0.39455, -0.871678 ), vec3( -0.00798553, 0.394461, -0.879645 ), vec3( -0.00798553, 0.39455, -0.871678 ), vec3( 0.0467603, 0.347318, 0.743259 ), vec3( 0.0467603, 0.347497, 0.79358 ), vec3( -0.0537303, 0.347318, 0.743259 ), vec3( -0.0537303, 0.347497, 0.79358 ), vec3( 0.0223413, 0.34727, 0.729622 ), vec3( -0.0293113, 0.34727, 0.729622 ), vec3( -0.0293113, 0.347175, 0.702915 ), vec3( 0.0223413, 0.347175, 0.702915 ), vec3( 0.0331928, -0.883052, 0.900343 ), vec3( -0.0401628, -0.883052, 0.900343 ), vec3( -0.0401628, -0.883052, 0.924149 ), vec3( 0.0331928, -0.883052, 0.924149 ), vec3( 0.0177459, -0.57889, 0.370877 ), vec3( -0.0247159, -0.57889, 0.370877 ), vec3( -0.0247159, -0.616934, 0.357101 ), vec3( 0.0177459, -0.616934, 0.357101 ), vec3( 0.0177459, -0.268269, 0.187187 ), vec3( -0.0247159, -0.268269, 0.187187 ), vec3( -0.0247159, -0.267365, 0.214477 ), vec3( 0.0177459, -0.267365, 0.214477 ), vec3( 0.0182165, 0.00452783, 0.729693 ), vec3( -0.0251865, 0.00452783, 0.729693 ), vec3( -0.0251865, 0.0476533, 0.776375 ), vec3( 0.0182165, 0.0476533, 0.776375 ), vec3( 0.0235814, -0.017474, -0.716299 ), vec3( -0.0305513, -0.017474, -0.716299 ), vec3( -0.0318868, 0.00241395, -0.715827 ), vec3( 0.0249166, 0.00241395, -0.715827 ), vec3( -0.0247159, -0.278192, 0.241768 ), vec3( 0.0177459, -0.278192, 0.241768 ), vec3( 0.0249166, 0.00241395, -0.918055 ), vec3( -0.0318868, 0.00241395, -0.918055 ), vec3( -0.0305513, -0.017474, -0.918527 ), vec3( 0.0235814, -0.017474, -0.918527 ), vec3( -0.0293113, 0.347111, 0.684727 ), vec3( 0.0223413, 0.347111, 0.684727 ), vec3( 0.0177459, -0.448239, 0.287496 ), vec3( -0.0247159, -0.448239, 0.287496 ), vec3( -0.0247159, -0.488827, 0.334068 ), vec3( 0.0177459, -0.488827, 0.334068 ), vec3( -0.0251865, 0.0544428, 0.803619 ), vec3( 0.0182165, 0.0544428, 0.803619 ), vec3( 0.0228957, 0.145697, 0.844026 ), vec3( -0.0298656, 0.145697, 0.844026 ), vec3( -0.0298656, 0.311249, 0.844026 ), vec3( 0.0228957, 0.311249, 0.844026 ), vec3( 0.0182165, -0.816537, 1 ), vec3( -0.0251865, -0.816537, 1 ), vec3( -0.0251865, -0.771692, 0.988797 ), vec3( 0.0182165, -0.771692, 0.988797 ), vec3( 0.0177459, -0.297106, 0.127908 ), vec3( -0.0247159, -0.297106, 0.127908 ), vec3( -0.0247159, -0.281916, 0.157547 ), vec3( 0.0177459, -0.281916, 0.157547 ), vec3( 0.0249166, 0.00489008, -0.717692 ), vec3( -0.0318868, 0.00489008, -0.717692 ), vec3( -0.0318868, 0.00489008, -0.684705 ), vec3( 0.0249166, 0.00489008, -0.684705 ), vec3( 0.0228957, 0.3052, -0.930783 ), vec3( -0.0298656, 0.3052, -0.930783 ), vec3( -0.0298656, 0.139647, -0.930783 ), vec3( 0.0228957, 0.139647, -0.930783 ), vec3( 0.0177459, -0.414147, 0.302126 ), vec3( -0.0247159, -0.414147, 0.302126 ), vec3( 0.0223413, 0.346996, 0.652508 ), vec3( -0.0293113, 0.346996, 0.652508 ), vec3( -0.0293113, 0.346946, 0.638378 ), vec3( 0.0223413, 0.346946, 0.638378 ), vec3( 0.0177459, -0.304001, 0.104443 ), vec3( -0.0247159, -0.304001, 0.104443 ), vec3( 0.0249166, 0.00489008, -0.917672 ), vec3( -0.0318868, 0.00489008, -0.917672 ), vec3( -0.0251865, -0.668732, 0.966721 ), vec3( 0.0182165, -0.668732, 0.966721 ), vec3( 0.0223413, 0.347546, 0.807218 ), vec3( -0.0293113, 0.347546, 0.807218 ), vec3( 0.0277252, 0.142034, 0.847483 ), vec3( -0.0346951, 0.142034, 0.847483 ), vec3( 0.0249166, 0.0988061, -0.930146 ), vec3( -0.0318868, 0.0988061, -0.930146 ), vec3( -0.0318868, 0.0274577, -0.9257 ), vec3( 0.0249166, 0.0274577, -0.9257 ), vec3( -0.0251865, 0.0592869, 0.823057 ), vec3( 0.0182165, 0.0592869, 0.823057 ), vec3( 0.0181397, 0.347546, 0.819472 ), vec3( -0.0251097, 0.347546, 0.819472 ), vec3( -0.0287067, 0.125325, -0.930146 ), vec3( 0.0217366, 0.125325, -0.930146 ), vec3( 0.0223413, 0.341496, -0.895214 ), vec3( -0.0293113, 0.341496, -0.895214 ), vec3( -0.0251097, 0.341496, -0.906246 ), vec3( 0.0181397, 0.341496, -0.906246 ), vec3( 0.0177459, -0.300296, -0.163548 ), vec3( -0.0247159, -0.300296, -0.163548 ), vec3( 0.0177459, -0.291567, 0.252123 ), vec3( -0.0247159, -0.291567, 0.252123 ), vec3( -0.0251865, -0.572146, 0.922235 ), vec3( 0.0182165, -0.572146, 0.922235 ), vec3( 0.0309052, 0.0878549, 0.869131 ), vec3( -0.0378752, 0.0878549, 0.869131 ), vec3( -0.0378752, 0.0945454, 0.862303 ), vec3( 0.0309052, 0.0945454, 0.862303 ), vec3( 0.0227917, 0.0707941, 0.869697 ), vec3( -0.0297617, 0.0707941, 0.869697 ), vec3( 0.0177459, -0.847218, 0.451233 ), vec3( -0.0247159, -0.847218, 0.451233 ), vec3( -0.0401628, -0.87465, 0.553729 ), vec3( 0.0331928, -0.87465, 0.553729 ), vec3( -0.0293113, 0.346836, 0.607447 ), vec3( 0.0223413, 0.346836, 0.607447 ), vec3( 0.0177459, -0.297629, -0.224012 ), vec3( -0.0247159, -0.297629, -0.224012 ), vec3( 0.0223413, 0.346154, 0.415406 ), vec3( -0.0293113, 0.346154, 0.415406 ), vec3( -0.0378752, 0.115515, 0.847483 ), vec3( 0.0309052, 0.115515, 0.847483 ), vec3( -0.0251865, -0.35743, 0.796252 ), vec3( 0.0182165, -0.35743, 0.796252 ), vec3( 0.0177459, -0.294961, -0.275585 ), vec3( -0.0247159, -0.294961, -0.275585 ), vec3( -0.0247159, -0.297167, -0.232948 ), vec3( 0.0177459, -0.297167, -0.232948 ), vec3( 0.0177459, -0.273, -0.280146 ), vec3( -0.0247159, -0.273, -0.280146 ), vec3( -0.0247159, -0.275505, -0.280628 ), vec3( 0.0177459, -0.275505, -0.280628 ), vec3( -0.0293113, 0.346764, 0.587078 ), vec3( 0.0223413, 0.346764, 0.587078 ), vec3( 0.0331928, -0.881792, 0.848351 ), vec3( -0.0401628, -0.881792, 0.848351 ), vec3( -0.0247159, -0.288457, -0.28312 ), vec3( 0.0177459, -0.288457, -0.28312 ), vec3( 0.0223413, 0.346262, 0.445979 ), vec3( -0.0293113, 0.346262, 0.445979 ), vec3( 0.0177459, -0.207835, -0.261755 ), vec3( -0.0247159, -0.207835, -0.261755 ), vec3( -0.0251865, -0.171887, 0.725069 ), vec3( 0.0182165, -0.171887, 0.725069 ), vec3( -0.0251865, -0.114258, 0.703778 ), vec3( 0.0182165, -0.114258, 0.703778 ), vec3( 0.0177459, -0.121839, -0.25963 ), vec3( -0.0247159, -0.121839, -0.25963 ), vec3( 0.0223413, 0.346666, 0.559686 ), vec3( -0.0293113, 0.346666, 0.559686 ), vec3( -0.0293113, 0.346597, 0.54031 ), vec3( 0.0223413, 0.346597, 0.54031 ), vec3( 0.0223413, 0.346313, 0.46041 ), vec3( -0.0293113, 0.346313, 0.46041 ), vec3( -0.0251865, -0.0562926, 0.704084 ), vec3( 0.0182165, -0.0562926, 0.704084 ), vec3( 0.0177459, -0.799125, 0.444426 ), vec3( -0.0247159, -0.799125, 0.444426 ), vec3( 0.0177459, -0.771693, 0.445165 ), vec3( -0.0247159, -0.771693, 0.445165 ), vec3( 0.0177459, -0.0946697, -0.25963 ), vec3( -0.0247159, -0.0946697, -0.25963 ), vec3( 0.0235814, -0.0149981, -0.400803 ), vec3( -0.0305513, -0.0149981, -0.400803 ), vec3( -0.0305513, -0.0221116, -0.318109 ), vec3( 0.0235814, -0.0221116, -0.318109 ), vec3( 0.0223413, 0.346434, 0.49431 ), vec3( -0.0293113, 0.346434, 0.49431 ), vec3( 0.0177459, -0.0567774, -0.272698 ), vec3( -0.0247159, -0.0567774, -0.272698 ), vec3( 0.0235814, -0.0149981, -0.430116 ), vec3( -0.0305513, -0.0149981, -0.430116 ), vec3( -0.0305513, -0.0149981, -0.685177 ), vec3( 0.0235814, -0.0149981, -0.685177 ), vec3( 0.0223413, 0.346489, 0.509897 ), vec3( -0.0293113, 0.346489, 0.509897 ), vec3( -0.0247159, -0.657109, 0.401749 ), vec3( 0.0177459, -0.657109, 0.401749 ), vec3( -0.0401628, -0.876548, 0.63203 ), vec3( 0.0331928, -0.876548, 0.63203 ), vec3( -0.000266284, 0.341496, -0.895214 ), vec3( -0.00670369, 0.341496, -0.895214 ), vec3( -0.000266284, 0.346154, 0.415406 ), vec3( -0.00670369, 0.346154, 0.415406 ), vec3( -0.000266284, 0.341728, -0.830099 ), vec3( -0.00670369, 0.341728, -0.830099 ), vec3( -0.000266284, 0.341536, -0.883988 ), vec3( -0.00670369, 0.341536, -0.883988 ), vec3( -0.000266284, 0.390413, -0.867069 ), vec3( -0.00670369, 0.390413, -0.867069 ), vec3( -0.000266284, 0.390222, -0.884161 ), vec3( -0.00670369, 0.390222, -0.884161 ), vec3( -0.00198474, 0.39455, -0.871678 ), vec3( -0.00498524, 0.39455, -0.871678 ), vec3( -0.00198474, 0.394461, -0.879645 ), vec3( -0.00498524, 0.394461, -0.879645 ), vec3( 0.0132634, 0.347318, 0.743259 ), vec3( -0.0202334, 0.347318, 0.743259 ), vec3( 0.0132634, 0.347497, 0.79358 ), vec3( -0.0202334, 0.347497, 0.79358 ), vec3( 0.0414712, 0.347347, 0.751205 ), vec3( 0.0414712, 0.347469, 0.785635 ), vec3( 0.0185525, 0.347347, 0.751205 ), vec3( 0.0185525, 0.347469, 0.785635 ), vec3( -0.049314, 0.347342, 0.749894 ), vec3( -0.049314, 0.347474, 0.786946 ), vec3( -0.0246497, 0.347342, 0.749894 ), vec3( -0.0246497, 0.347474, 0.786946 ), vec3( 0.0414712, 0.377802, 0.751032 ), vec3( 0.0414712, 0.377924, 0.785462 ), vec3( 0.0185525, 0.377802, 0.751032 ), vec3( 0.0185525, 0.377924, 0.785462 ), vec3( -0.049314, 0.377797, 0.749721 ), vec3( -0.049314, 0.377929, 0.786774 ), vec3( -0.0246497, 0.377797, 0.749721 ), vec3( -0.0246497, 0.377929, 0.786774 ), vec3( 0.0371749, 0.39692, 0.757419 ), vec3( 0.0371749, 0.396996, 0.77894 ), vec3( 0.0228489, 0.39692, 0.757419 ), vec3( 0.0228489, 0.396996, 0.77894 ), vec3( -0.0432888, 0.396924, 0.758705 ), vec3( -0.0432888, 0.396992, 0.777655 ), vec3( -0.0306747, 0.396924, 0.758705 ), vec3( -0.0306747, 0.396992, 0.777655 ), vec3( 0.0454227, 0.222506, -0.952469 ), vec3( 0.0454227, 0.222506, -0.837999 ), vec3( 0.0444825, 0.232053, -0.952469 ), vec3( 0.0444825, 0.232053, -0.837999 ), vec3( 0.0416975, 0.241233, -0.952469 ), vec3( 0.0416975, 0.241233, -0.837999 ), vec3( 0.0371753, 0.249694, -0.952469 ), vec3( 0.0371753, 0.249694, -0.837999 ), vec3( 0.0310893, 0.25711, -0.952469 ), vec3( 0.0310893, 0.25711, -0.837999 ), vec3( 0.0236733, 0.263196, -0.952469 ), vec3( 0.0236733, 0.263196, -0.837999 ), vec3( 0.0152128, 0.267718, -0.952469 ), vec3( 0.0152128, 0.267718, -0.837999 ), vec3( 0.00603238, 0.270503, -0.952469 ), vec3( 0.00603238, 0.270503, -0.837999 ), vec3( -0.00351467, 0.271443, -0.952469 ), vec3( -0.00351467, 0.271443, -0.837999 ), vec3( -0.0130619, 0.270503, -0.952469 ), vec3( -0.0130619, 0.270503, -0.837999 ), vec3( -0.0222423, 0.267718, -0.952469 ), vec3( -0.0222423, 0.267718, -0.837999 ), vec3( -0.0307029, 0.263196, -0.952469 ), vec3( -0.0307029, 0.263196, -0.837999 ), vec3( -0.0381189, 0.25711, -0.952469 ), vec3( -0.0381189, 0.25711, -0.837999 ), vec3( -0.0442048, 0.249694, -0.952469 ), vec3( -0.0442048, 0.249694, -0.837999 ), vec3( -0.0487271, 0.241233, -0.952469 ), vec3( -0.0487271, 0.241233, -0.837999 ), vec3( -0.0515118, 0.232053, -0.952469 ), vec3( -0.0515118, 0.232053, -0.837999 ), vec3( -0.0524522, 0.222506, -0.952469 ), vec3( -0.0524522, 0.222506, -0.837999 ), vec3( -0.0515118, 0.212958, -0.952469 ), vec3( -0.0515118, 0.212958, -0.837999 ), vec3( -0.0487271, 0.203778, -0.952469 ), vec3( -0.0487271, 0.203778, -0.837999 ), vec3( -0.0442048, 0.195317, -0.952469 ), vec3( -0.0442048, 0.195317, -0.837999 ), vec3( -0.0381189, 0.187902, -0.952469 ), vec3( -0.0381187, 0.187902, -0.837999 ), vec3( -0.0307029, 0.181815, -0.952469 ), vec3( -0.0307029, 0.181815, -0.837999 ), vec3( -0.0222423, 0.177293, -0.952469 ), vec3( -0.0222423, 0.177293, -0.837999 ), vec3( -0.0130619, 0.174508, -0.952469 ), vec3( -0.0130619, 0.174508, -0.837999 ), vec3( -0.00351467, 0.173568, -0.952469 ), vec3( -0.00351467, 0.173568, -0.837999 ), vec3( 0.00603258, 0.174508, -0.952469 ), vec3( 0.00603258, 0.174508, -0.837999 ), vec3( 0.0152128, 0.177293, -0.952469 ), vec3( 0.0152128, 0.177293, -0.837999 ), vec3( 0.0236735, 0.181815, -0.952469 ), vec3( 0.0236735, 0.181815, -0.837999 ), vec3( 0.0310893, 0.187902, -0.952469 ), vec3( 0.0310893, 0.187902, -0.837999 ), vec3( 0.0371753, 0.195317, -0.952469 ), vec3( 0.0371753, 0.195317, -0.837999 ), vec3( 0.0416977, 0.203778, -0.952469 ), vec3( 0.0416977, 0.203778, -0.837999 ), vec3( 0.0444825, 0.212958, -0.952469 ), vec3( 0.0444825, 0.212958, -0.837999 ), vec3( 0.0369338, 0.222506, -0.952469 ), vec3( 0.0361567, 0.230397, -0.952469 ), vec3( 0.0338549, 0.237985, -0.952469 ), vec3( 0.0301171, 0.244978, -0.952469 ), vec3( 0.0250867, 0.251107, -0.952469 ), vec3( 0.0189572, 0.256137, -0.952469 ), vec3( 0.0119642, 0.259875, -0.952469 ), vec3( 0.0043763, 0.262177, -0.952469 ), vec3( -0.00351467, 0.262954, -0.952469 ), vec3( -0.0114058, 0.262177, -0.952469 ), vec3( -0.0189938, 0.259875, -0.952469 ), vec3( -0.0259867, 0.256137, -0.952469 ), vec3( -0.0321163, 0.251107, -0.952469 ), vec3( -0.0371465, 0.244978, -0.952469 ), vec3( -0.0408845, 0.237985, -0.952469 ), vec3( -0.0431863, 0.230397, -0.952469 ), vec3( -0.0439633, 0.222506, -0.952469 ), vec3( -0.0431863, 0.214614, -0.952469 ), vec3( -0.0408845, 0.207027, -0.952469 ), vec3( -0.0371465, 0.200034, -0.952469 ), vec3( -0.0321163, 0.193904, -0.952469 ), vec3( -0.0259867, 0.188874, -0.952469 ), vec3( -0.0189938, 0.185136, -0.952469 ), vec3( -0.0114058, 0.182834, -0.952469 ), vec3( -0.00351467, 0.182057, -0.952469 ), vec3( 0.0043765, 0.182834, -0.952469 ), vec3( 0.0119642, 0.185136, -0.952469 ), vec3( 0.0189574, 0.188874, -0.952469 ), vec3( 0.0250867, 0.193904, -0.952469 ), vec3( 0.0301171, 0.200034, -0.952469 ), vec3( 0.0338549, 0.207027, -0.952469 ), vec3( 0.0361567, 0.214614, -0.952469 ), vec3( -0.00355686, 0.132962, -0.944263 ), vec3( -0.00355686, 0.132962, -0.849354 ), vec3( 0.00570093, 0.13205, -0.944263 ), vec3( 0.00570093, 0.13205, -0.849354 ), vec3( 0.0146031, 0.12935, -0.944263 ), vec3( 0.0146031, 0.12935, -0.849354 ), vec3( 0.0228073, 0.124965, -0.944263 ), vec3( 0.0228073, 0.124965, -0.849354 ), vec3( 0.0299984, 0.119063, -0.944263 ), vec3( 0.0299984, 0.119063, -0.849354 ), vec3( 0.0359, 0.111872, -0.944263 ), vec3( 0.0359, 0.111872, -0.849354 ), vec3( 0.0402853, 0.103668, -0.944263 ), vec3( 0.0402853, 0.103668, -0.849354 ), vec3( 0.0429857, 0.0947657, -0.944263 ), vec3( 0.0429857, 0.0947657, -0.849354 ), vec3( 0.0438976, 0.0855077, -0.944263 ), vec3( 0.0438976, 0.0855077, -0.849354 ), vec3( 0.0429857, 0.0762499, -0.944263 ), vec3( 0.0429857, 0.0762499, -0.849354 ), vec3( 0.0402853, 0.0673478, -0.944263 ), vec3( 0.0402853, 0.0673478, -0.849354 ), vec3( 0.0359, 0.0591435, -0.944263 ), vec3( 0.0359, 0.0591435, -0.849354 ), vec3( 0.0299984, 0.0519525, -0.944263 ), vec3( 0.0299984, 0.0519525, -0.849354 ), vec3( 0.0228073, 0.0460508, -0.944263 ), vec3( 0.0228073, 0.0460508, -0.849354 ), vec3( 0.0146031, 0.0416657, -0.944263 ), vec3( 0.0146031, 0.0416657, -0.849354 ), vec3( 0.00570093, 0.0389653, -0.944263 ), vec3( 0.00570093, 0.0389653, -0.849354 ), vec3( -0.00355686, 0.0380535, -0.944263 ), vec3( -0.00355686, 0.0380535, -0.849354 ), vec3( -0.0128148, 0.0389653, -0.944263 ), vec3( -0.0128148, 0.0389653, -0.849354 ), vec3( -0.021717, 0.0416657, -0.944263 ), vec3( -0.021717, 0.0416657, -0.849354 ), vec3( -0.029921, 0.0460508, -0.944263 ), vec3( -0.029921, 0.0460508, -0.849354 ), vec3( -0.0371121, 0.0519525, -0.944263 ), vec3( -0.0371121, 0.0519525, -0.849354 ), vec3( -0.0430137, 0.0591435, -0.944263 ), vec3( -0.0430137, 0.0591435, -0.849354 ), vec3( -0.047399, 0.0673478, -0.944263 ), vec3( -0.047399, 0.0673478, -0.849354 ), vec3( -0.0500995, 0.0762499, -0.944263 ), vec3( -0.0500995, 0.0762499, -0.849354 ), vec3( -0.0510113, 0.0855077, -0.944263 ), vec3( -0.0510113, 0.0855077, -0.849354 ), vec3( -0.0500995, 0.0947657, -0.944263 ), vec3( -0.0500995, 0.0947657, -0.849354 ), vec3( -0.047399, 0.103668, -0.944263 ), vec3( -0.047399, 0.103668, -0.849354 ), vec3( -0.0430137, 0.111872, -0.944263 ), vec3( -0.0430137, 0.111872, -0.849354 ), vec3( -0.0371121, 0.119063, -0.944263 ), vec3( -0.0371121, 0.119063, -0.849354 ), vec3( -0.029921, 0.124965, -0.944263 ), vec3( -0.029921, 0.124965, -0.849354 ), vec3( -0.0217168, 0.12935, -0.944263 ), vec3( -0.0217168, 0.12935, -0.849354 ), vec3( -0.0128146, 0.13205, -0.944263 ), vec3( -0.0128146, 0.13205, -0.849354 ), vec3( -0.00355686, 0.121157, -0.944263 ), vec3( 0.00339793, 0.120472, -0.944263 ), vec3( 0.0100856, 0.118444, -0.944263 ), vec3( 0.0162489, 0.115149, -0.944263 ), vec3( 0.021651, 0.110716, -0.944263 ), vec3( 0.0260845, 0.105313, -0.944263 ), vec3( 0.0293788, 0.0991502, -0.944263 ), vec3( 0.0314076, 0.0924627, -0.944263 ), vec3( 0.0320927, 0.0855077, -0.944263 ), vec3( 0.0314076, 0.0785529, -0.944263 ), vec3( 0.0293788, 0.0718654, -0.944263 ), vec3( 0.0260845, 0.0657021, -0.944263 ), vec3( 0.021651, 0.0602998, -0.944263 ), vec3( 0.0162489, 0.0558664, -0.944263 ), vec3( 0.0100856, 0.052572, -0.944263 ), vec3( 0.00339793, 0.0505433, -0.944263 ), vec3( -0.00355686, 0.0498584, -0.944263 ), vec3( -0.0105118, 0.0505433, -0.944263 ), vec3( -0.0171993, 0.052572, -0.944263 ), vec3( -0.0233627, 0.0558664, -0.944263 ), vec3( -0.0287649, 0.0602998, -0.944263 ), vec3( -0.0331984, 0.0657021, -0.944263 ), vec3( -0.0364928, 0.0718654, -0.944263 ), vec3( -0.0385213, 0.0785529, -0.944263 ), vec3( -0.0392064, 0.0855077, -0.944263 ), vec3( -0.0385213, 0.0924627, -0.944263 ), vec3( -0.0364926, 0.0991504, -0.944263 ), vec3( -0.0331982, 0.105314, -0.944263 ), vec3( -0.0287647, 0.110716, -0.944263 ), vec3( -0.0233627, 0.115149, -0.944263 ), vec3( -0.0171993, 0.118444, -0.944263 ), vec3( -0.0105116, 0.120472, -0.944263 ), vec3( 0.01944, -0.0433928, 0.0634529 ), vec3( 0.01944, -0.0295214, -0.0113221 ), vec3( -0.0264099, -0.0433928, 0.0634529 ), vec3( -0.0264099, -0.0295214, -0.0113221 ), vec3( 0.01944, -0.145752, 0.0444645 ), vec3( 0.01944, -0.131881, -0.0303104 ), vec3( -0.0264099, -0.145752, 0.0444645 ), vec3( -0.0264099, -0.131881, -0.0303104 ), vec3( 0.01944, -0.189879, 0.0113231 ), vec3( 0.01944, -0.176008, -0.0634519 ), vec3( -0.0264101, -0.189879, 0.0113231 ), vec3( -0.0264101, -0.176008, -0.0634519 ), vec3( 0.00878119, -0.21051, -0.0413283 ), vec3( 0.00878119, -0.1944, -0.0786946 ), vec3( -0.0157512, -0.21051, -0.0413283 ), vec3( -0.0157512, -0.1944, -0.0786946 )] 
mode 
False
ids [['0', '1', '2', '3', '4']]
sel []