obj 
C:/Users/deadp/Desktop/Projects/Diploma/Graphics Engine/objects/Glock/glock.obj
vec3(       2.2628,     0.199686,     0.432451 ) (1, 1, 1) (0, 0, -1) (1, 0, 0) (0, 1, 0) 
[[ 8.82618949e-02  3.11249316e-01  8.31423581e-01]
 [ 8.82618949e-02  1.45696774e-01  8.31423581e-01]
 [ 8.82618949e-02  3.05199951e-01 -9.19437945e-01]
 [ 8.82618949e-02  1.39647394e-01 -9.19437945e-01]
 [ 7.56569654e-02  3.11249107e-01  8.44026446e-01]
 [ 7.56569654e-02  1.45696774e-01  8.44026446e-01]
 [ 7.56569654e-02  3.05199951e-01 -9.30783212e-01]
 [ 7.56569654e-02  1.39647394e-01 -9.30783212e-01]
 [ 7.39938840e-02  3.47545564e-01  8.07217658e-01]
 [ 7.39938840e-02  3.41496378e-01 -8.95214438e-01]
 [ 6.13891557e-02  3.47545564e-01  8.19472194e-01]
 [ 6.13891557e-02  3.41496378e-01 -9.06245887e-01]
 [ 8.82618949e-02  3.09856921e-01  4.28465843e-01]
 [ 8.82618949e-02  1.44304559e-01  4.28465843e-01]
 [ 7.39938840e-02  3.46153557e-01  4.15405720e-01]
 [ 8.82618949e-02  3.09965670e-01  4.59908396e-01]
 [ 7.39938840e-02  3.46262127e-01  4.45978642e-01]
 [ 8.82618949e-02  1.44413128e-01  4.59908396e-01]
 [ 8.82618949e-02  3.10016870e-01  4.74750131e-01]
 [ 7.39938840e-02  3.46313298e-01  4.60409999e-01]
 [ 8.82618949e-02  1.44464493e-01  4.74750131e-01]
 [ 8.82618949e-02  3.10137391e-01  5.09614825e-01]
 [ 7.39938840e-02  3.46433848e-01  4.94310081e-01]
 [ 8.82618949e-02  1.44584849e-01  5.09614825e-01]
 [ 8.82618949e-02  3.10192794e-01  5.25645077e-01]
 [ 7.39938840e-02  3.46489221e-01  5.09897113e-01]
 [ 8.82618949e-02  1.44640222e-01  5.25645316e-01]
 [ 8.82618949e-02  3.10300708e-01  5.56923270e-01]
 [ 7.39938840e-02  3.46597165e-01  5.40310085e-01]
 [ 8.82618949e-02  1.44748375e-01  5.56923270e-01]
 [ 8.82618949e-02  3.10973436e-01  7.51619995e-01]
 [ 7.39938840e-02  3.47269893e-01  7.29621589e-01]
 [ 8.82618949e-02  1.45421088e-01  7.51619995e-01]
 [ 8.82618949e-02  1.45326123e-01  7.24153340e-01]
 [ 8.82618949e-02  3.10878694e-01  7.24153340e-01]
 [ 7.39938840e-02  3.47175121e-01  7.02914536e-01]
 [ 8.82618949e-02  1.45147011e-01  6.72312617e-01]
 [ 8.82618949e-02  3.10699552e-01  6.72312617e-01]
 [ 7.39938840e-02  3.46996009e-01  6.52507842e-01]
 [ 8.82618949e-02  3.10814112e-01  7.05447853e-01]
 [ 7.39938840e-02  3.47110540e-01  6.84726596e-01]
 [ 8.82618949e-02  1.45261556e-01  7.05448031e-01]
 [ 8.82618949e-02  1.45096838e-01  6.57780945e-01]
 [ 8.82618949e-02  3.10649365e-01  6.57780945e-01]
 [ 7.39938840e-02  3.46945822e-01  6.38377964e-01]
 [ 8.82618949e-02  1.44986868e-01  6.25969946e-01]
 [ 8.82618949e-02  3.10539424e-01  6.25969708e-01]
 [ 7.39938840e-02  3.46835852e-01  6.07446969e-01]
 [ 8.82618949e-02  1.44817144e-01  5.76850057e-01]
 [ 8.82618949e-02  3.10369700e-01  5.76850057e-01]
 [ 7.39938840e-02  3.46666157e-01  5.59685707e-01]
 [ 8.82618949e-02  3.10467064e-01  6.05021656e-01]
 [ 7.39938840e-02  3.46763521e-01  5.87078214e-01]
 [ 8.82618949e-02  1.44914508e-01  6.05021834e-01]
 [ 9.62688178e-02  1.44413128e-01  4.59908396e-01]
 [ 9.62688178e-02  1.44304559e-01  4.28465843e-01]
 [ 9.62688178e-02  3.09856921e-01  4.28465843e-01]
 [ 9.62688178e-02  3.09965670e-01  4.59908396e-01]
 [ 9.62688178e-02  1.44584849e-01  5.09614825e-01]
 [ 9.62688178e-02  1.44464493e-01  4.74750131e-01]
 [ 9.62688178e-02  3.10016870e-01  4.74750131e-01]
 [ 9.62688178e-02  3.10137391e-01  5.09614825e-01]
 [ 9.62688178e-02  1.44748375e-01  5.56923270e-01]
 [ 9.62688178e-02  1.44640222e-01  5.25645316e-01]
 [ 9.62688178e-02  3.10192794e-01  5.25645077e-01]
 [ 9.62688178e-02  3.10300708e-01  5.56923270e-01]
 [ 9.62688178e-02  3.10878694e-01  7.24153340e-01]
 [ 9.62688178e-02  3.10973436e-01  7.51619995e-01]
 [ 9.62688178e-02  1.45421088e-01  7.51619995e-01]
 [ 9.62688178e-02  1.45326123e-01  7.24153340e-01]
 [ 9.62688178e-02  1.45261556e-01  7.05448031e-01]
 [ 9.62688178e-02  1.45147011e-01  6.72312617e-01]
 [ 9.62688178e-02  3.10699552e-01  6.72312617e-01]
 [ 9.62688178e-02  3.10814112e-01  7.05447853e-01]
 [ 9.62688178e-02  3.10539424e-01  6.25969708e-01]
 [ 9.62688178e-02  3.10649365e-01  6.57780945e-01]
 [ 9.62688178e-02  1.45096838e-01  6.57780945e-01]
 [ 9.62688178e-02  1.44986868e-01  6.25969946e-01]
 [ 9.62688178e-02  1.44914508e-01  6.05021834e-01]
 [ 9.62688178e-02  1.44817144e-01  5.76850057e-01]
 [ 9.62688178e-02  3.10369700e-01  5.76850057e-01]
 [ 9.62688178e-02  3.10467064e-01  6.05021656e-01]
 [ 1.06548153e-01 -7.71692693e-01  9.00343001e-01]
 [ 1.06548153e-01 -8.83052170e-01  9.00343001e-01]
 [ 1.06548153e-01 -7.71692693e-01  5.53729057e-01]
 [ 1.06548153e-01 -8.74650180e-01  5.53729057e-01]
 [ 1.06548153e-01 -7.99125016e-01  5.13119519e-01]
 [ 1.06548153e-01 -8.47218096e-01  5.13119519e-01]
 [ 1.06548153e-01 -7.71692693e-01  9.12945986e-01]
 [ 1.06548153e-01 -8.83052170e-01  9.24148679e-01]
 [ 1.06548153e-01 -4.88827020e-01  7.50201583e-01]
 [ 1.06548153e-01 -4.88827020e-01  4.15403515e-01]
 [ 1.06548153e-01 -2.49293610e-01  6.45177186e-01]
 [ 1.06548153e-01 -2.49293610e-01  3.10379088e-01]
 [ 6.16194569e-02 -7.71692455e-01  9.88797486e-01]
 [ 6.16194569e-02 -8.16536605e-01  1.00000000e+00]
 [ 1.06548153e-01 -5.72146297e-01  8.18657517e-01]
 [ 1.06548153e-01 -5.72146297e-01  8.31260383e-01]
 [ 6.16194569e-02 -5.72146297e-01  9.22234714e-01]
 [ 6.16194569e-02 -6.68731570e-01  9.66720641e-01]
 [ 1.06548153e-01 -6.68731570e-01  8.70798707e-01]
 [ 1.06548153e-01 -6.68731570e-01  8.58195543e-01]
 [ 1.06548153e-01 -3.57429683e-01  7.07798243e-01]
 [ 1.06548153e-01 -3.57429683e-01  7.20401347e-01]
 [ 6.16194569e-02 -3.57429683e-01  7.96252251e-01]
 [ 1.06548153e-01 -1.71886608e-01  6.36615098e-01]
 [ 1.06548153e-01 -1.71886608e-01  6.49218023e-01]
 [ 6.16194569e-02 -1.71886608e-01  7.25068927e-01]
 [ 6.02078699e-02 -7.71692693e-01  4.45164800e-01]
 [ 6.02078699e-02 -7.99125016e-01  4.44425732e-01]
 [ 6.02078699e-02 -8.47218096e-01  4.51232970e-01]
 [ 6.02078699e-02 -4.88827020e-01  3.34067822e-01]
 [ 6.02078699e-02 -2.78192073e-01  2.41767675e-01]
 [ 1.06548153e-01 -6.16933703e-01  8.18199098e-01]
 [ 1.06548153e-01 -6.16933703e-01  4.78049517e-01]
 [ 6.02078699e-02 -6.16933703e-01  3.57100606e-01]
 [ 1.06548153e-01 -6.57108605e-01  8.39523673e-01]
 [ 1.06548153e-01 -6.57108605e-01  4.97695774e-01]
 [ 6.02078699e-02 -6.57108605e-01  4.01748627e-01]
 [ 1.06548153e-01 -5.78889966e-01  4.59445596e-01]
 [ 6.02078699e-02 -5.78889966e-01  3.70876640e-01]
 [ 1.06548153e-01 -5.78889966e-01  7.98005879e-01]
 [ 1.06548153e-01 -4.48239237e-01  7.32405782e-01]
 [ 1.06548153e-01 -4.48239237e-01  3.97607654e-01]
 [ 6.02078699e-02 -4.48239237e-01  2.87495643e-01]
 [ 1.06548153e-01 -4.14147258e-01  3.82659912e-01]
 [ 6.02078699e-02 -4.14147258e-01  3.02125871e-01]
 [ 1.06548153e-01 -4.14147258e-01  7.17458010e-01]
 [ 1.06548153e-01 -2.91567057e-01  3.28914255e-01]
 [ 6.02078699e-02 -2.91567057e-01  2.52123356e-01]
 [ 1.06548153e-01 -2.91567057e-01  6.63712144e-01]
 [ 1.06548153e-01 -1.52372479e-01  6.23836637e-01]
 [ 1.06548153e-01 -1.52372479e-01  2.76590168e-01]
 [ 6.02078699e-02 -1.52372479e-01  1.94196314e-01]
 [ 1.06548153e-01 -5.62925711e-02  6.09939516e-01]
 [ 1.06548153e-01 -5.62925711e-02  6.22542441e-01]
 [ 6.16194569e-02 -5.62925711e-02  7.04084218e-01]
 [ 6.16194569e-02 -1.14258006e-01  7.03777790e-01]
 [ 1.06548153e-01 -1.14258006e-01  6.27926886e-01]
 [ 1.06548153e-01 -1.14258006e-01  6.15323961e-01]
 [ 1.06548153e-01 -6.43430799e-02  2.10790515e-01]
 [ 6.02078699e-02 -6.43430799e-02  1.42178893e-01]
 [ 1.06548153e-01 -1.08357780e-01  2.43690223e-01]
 [ 6.02078699e-02 -1.08357780e-01  1.81303114e-01]
 [ 8.90419558e-02 -1.41680520e-02  8.38008299e-02]
 [ 7.77142718e-02 -4.33927663e-02  8.42180476e-02]
 [ 9.77949575e-02 -2.68069655e-02  1.57965839e-01]
 [ 6.89610690e-02 -5.38632199e-02  1.13198467e-01]
 [ 8.90419558e-02 -2.96871149e-04 -3.25046927e-02]
 [ 7.77142718e-02 -2.95213871e-02 -3.20872739e-02]
 [ 6.02078699e-02 -2.68269360e-01  1.87186763e-01]
 [ 6.02078699e-02 -2.20250219e-01  1.66437373e-01]
 [ 6.02078699e-02 -1.90016136e-01  1.84021741e-01]
 [ 6.02078699e-02 -2.67364562e-01  2.14477107e-01]
 [ 6.02078699e-02 -2.97106266e-01  1.27907678e-01]
 [ 6.02078699e-02 -2.56496876e-01  1.14568077e-01]
 [ 6.02078699e-02 -3.04001451e-01  1.04443066e-01]
 [ 6.02078699e-02 -2.60510534e-01  9.11034644e-02]
 [ 6.02078699e-02 -3.00296456e-01 -1.63547620e-01]
 [ 6.02078699e-02 -2.52507806e-01 -1.55892342e-01]
 [ 6.02078699e-02 -2.39145413e-01  1.40502617e-01]
 [ 6.02078699e-02 -2.81916052e-01  1.57547221e-01]
 [ 6.02078699e-02 -2.97629029e-01 -2.24012196e-01]
 [ 6.02078699e-02 -2.04327121e-01 -2.09243581e-01]
 [ 6.02078699e-02 -2.94961393e-01 -2.75584996e-01]
 [ 6.02078699e-02 -2.07834601e-01 -2.61754811e-01]
 [ 6.02078699e-02 -2.88457215e-01 -2.83120126e-01]
 [ 6.02078699e-02 -2.73000330e-01 -2.80146241e-01]
 [ 6.02078699e-02 -1.18660107e-01 -2.15814129e-01]
 [ 6.02078699e-02 -1.21839322e-01 -2.59630322e-01]
 [ 6.02078699e-02 -9.14906934e-02 -2.14035705e-01]
 [ 6.02078699e-02 -9.46697071e-02 -2.59630322e-01]
 [ 6.02078699e-02 -5.15790135e-02 -1.95781425e-01]
 [ 6.02078699e-02 -5.67773581e-02 -2.72697628e-01]
 [ 8.90419558e-02 -8.44773371e-03 -9.47476849e-02]
 [ 7.77142718e-02 -2.21116040e-02 -9.43302587e-02]
 [ 8.90419558e-02  4.89007775e-03 -1.51062638e-01]
 [ 7.77142718e-02 -2.21116040e-02 -1.50645420e-01]
 [ 8.90419558e-02  4.89007775e-03 -3.18525940e-01]
 [ 7.77142718e-02 -2.21116040e-02 -3.18108737e-01]
 [ 1.06548153e-01  4.52783471e-03  6.30212903e-01]
 [ 1.06548153e-01  4.52783471e-03  6.42815769e-01]
 [ 6.16194569e-02  4.52783471e-03  7.29692698e-01]
 [ 1.06548153e-01  1.03128642e-01  8.09408724e-01]
 [ 1.06548153e-01  9.07788053e-02  8.22011650e-01]
 [ 6.16194569e-02  5.92868701e-02  8.23057413e-01]
 [ 6.16194569e-02  4.76533175e-02  7.76375055e-01]
 [ 1.06548153e-01  4.76533175e-02  6.89498186e-01]
 [ 1.06548153e-01  4.76533175e-02  6.76895261e-01]
 [ 1.06548153e-01  7.28215948e-02  7.66833782e-01]
 [ 1.06548153e-01  8.55864510e-02  7.43733644e-01]
 [ 6.16194569e-02  5.44427745e-02  8.03618968e-01]
 [ 9.96853411e-02  9.45453718e-02  8.62303138e-01]
 [ 9.96853411e-02  8.78548697e-02  8.69130790e-01]
 [ 7.53450990e-02  7.07940757e-02  8.69697392e-01]
 [ 1.06548153e-01  1.14836156e-01  7.94588923e-01]
 [ 9.96853411e-02  1.15515262e-01  8.47483397e-01]
 [ 1.06548153e-01 -7.71692693e-01  8.48351419e-01]
 [ 1.06548153e-01 -8.81791711e-01  8.48351419e-01]
 [ 1.06548153e-01 -4.88827020e-01  6.99981809e-01]
 [ 1.06548153e-01 -2.49293610e-01  5.94957411e-01]
 [ 1.06548153e-01 -6.16933703e-01  7.67176628e-01]
 [ 1.06548153e-01 -6.57108605e-01  7.88249075e-01]
 [ 1.06548153e-01 -5.78889966e-01  7.47221708e-01]
 [ 1.06548153e-01 -4.48239237e-01  6.82185948e-01]
 [ 1.06548153e-01 -4.14147258e-01  6.67238235e-01]
 [ 1.06548153e-01 -2.91567057e-01  6.13492548e-01]
 [ 1.06548153e-01 -1.52372479e-01  5.71749628e-01]
 [ 1.06548153e-01 -8.76548171e-01  6.32029533e-01]
 [ 1.06548153e-01 -7.71692693e-01  6.32029533e-01]
 [ 1.06548153e-01 -4.88827020e-01  4.91034687e-01]
 [ 1.06548153e-01 -2.49293610e-01  3.86010259e-01]
 [ 1.06548153e-01 -6.16933703e-01  5.54889560e-01]
 [ 1.06548153e-01 -6.57108605e-01  5.74914873e-01]
 [ 1.06548153e-01 -5.78889966e-01  5.35926580e-01]
 [ 1.06548153e-01 -4.48239237e-01  4.73238826e-01]
 [ 1.06548153e-01 -4.14147258e-01  4.58291084e-01]
 [ 1.06548153e-01 -2.91567057e-01  4.04545218e-01]
 [ 1.06548153e-01 -1.52372479e-01  3.55033308e-01]
 [ 1.06548153e-01  8.96151084e-03  5.77741265e-01]
 [ 1.06548153e-01  8.96151084e-03  5.25654256e-01]
 [ 1.06548153e-01  1.09736182e-01  5.77741265e-01]
 [ 1.06548153e-01  1.08995087e-01  5.25654256e-01]
 [ 1.06548153e-01  8.96151084e-03  4.05614138e-01]
 [ 1.06548153e-01  1.08995087e-01  4.05614138e-01]
 [ 1.06548153e-01 -6.15452882e-03  5.25654256e-01]
 [ 1.06548153e-01 -6.15452882e-03  4.05614138e-01]
 [ 1.06548153e-01 -5.92402928e-03  5.81994176e-01]
 [ 1.06548153e-01 -5.92402928e-03  5.29907227e-01]
 [ 1.06548153e-01  8.96151084e-03  8.01718086e-02]
 [ 1.06548153e-01  1.08995087e-01  8.01718086e-02]
 [ 1.06548153e-01 -6.15452882e-03  8.01718086e-02]
 [ 1.06548153e-01  1.75229963e-02 -3.18657719e-02]
 [ 1.06548153e-01  1.06506772e-01 -6.70774877e-02]
 [ 1.06548153e-01  6.97877118e-03 -3.18657719e-02]
 [ 1.06548153e-01  8.96151084e-03  2.78557897e-01]
 [ 1.06548153e-01 -6.15452882e-03  2.78557897e-01]
 [ 1.06548153e-01  1.08995087e-01  2.78557897e-01]
 [ 1.01108924e-01 -1.28836885e-01  3.17095369e-01]
 [ 1.01108924e-01 -1.28836885e-01  5.29146135e-01]
 [ 1.01108924e-01 -1.28836885e-01  3.73451114e-01]
 [ 1.01108924e-01 -2.37898752e-02  4.96029913e-01]
 [ 1.01108924e-01 -2.37898752e-02  4.09789771e-01]
 [ 1.01108924e-01 -2.36243475e-02  4.99085397e-01]
 [ 1.01108924e-01 -2.37898752e-02  3.18508953e-01]
 [ 9.58629996e-02 -1.06712684e-01  3.55171651e-01]
 [ 9.58629996e-02 -1.06712684e-01  4.89097327e-01]
 [ 9.58629996e-02 -1.06712684e-01  3.90764624e-01]
 [ 9.58629996e-02 -4.03678827e-02  4.68182027e-01]
 [ 9.58629996e-02 -4.03678827e-02  4.13715065e-01]
 [ 9.58629996e-02 -4.02633250e-02  4.70111579e-01]
 [ 9.58629996e-02 -4.03678827e-02  3.56064677e-01]
 [ 8.90419558e-02  9.91437733e-02 -1.92854494e-01]
 [ 8.90419558e-02  9.91437733e-02 -3.60317826e-01]
 [ 8.90419558e-02  4.89007775e-03 -3.89661103e-01]
 [ 7.77142718e-02 -1.49980914e-02 -4.00803030e-01]
 [ 8.90419558e-02  9.91437733e-02 -3.94106954e-01]
 [ 8.90419558e-02  4.89007775e-03 -4.29643512e-01]
 [ 7.77142718e-02 -1.49980914e-02 -4.30115521e-01]
 [ 8.90419558e-02  9.91437733e-02 -4.34089631e-01]
 [ 8.17199349e-02  4.89007775e-03 -6.84705257e-01]
 [ 7.77142718e-02 -1.49980914e-02 -6.85177028e-01]
 [ 8.17199349e-02  9.91437733e-02 -6.89151108e-01]
 [ 8.17199349e-02  9.14263260e-03 -4.41352040e-01]
 [ 8.17199349e-02  9.48914140e-02 -4.45396721e-01]
 [ 8.17199349e-02  9.14263260e-03 -6.73397958e-01]
 [ 8.17199349e-02  9.48914140e-02 -6.77442610e-01]
 [ 8.17199349e-02  4.89007775e-03 -9.17672336e-01]
 [ 8.17199349e-02  9.91437733e-02 -9.22117949e-01]
 [ 8.17199349e-02  2.41395249e-03 -7.15826750e-01]
 [ 7.77142718e-02 -1.74740162e-02 -7.16298521e-01]
 [ 8.17199349e-02  2.41395249e-03 -9.18055177e-01]
 [ 7.77142718e-02 -1.74740162e-02 -9.18526947e-01]
 [ 8.17199349e-02  9.91437733e-02 -7.22137630e-01]
 [ 8.17199349e-02  4.89007775e-03 -7.17691720e-01]
 [ 8.17199349e-02  2.74576824e-02 -9.25699651e-01]
 [ 8.17199349e-02  9.88061130e-02 -9.30145562e-01]
 [ 9.70082954e-02  1.41354859e-01  7.94588923e-01]
 [ 9.01454762e-02  1.42033964e-01  8.47483397e-01]
 [ 9.70082954e-02  1.36254862e-01  5.77741265e-01]
 [ 9.70082954e-02  1.35513991e-01  5.25654256e-01]
 [ 9.70082954e-02  1.35513991e-01  4.05614138e-01]
 [ 9.70082954e-02  1.35513991e-01  8.01718086e-02]
 [ 9.70082954e-02  1.33025467e-01 -6.70774877e-02]
 [ 9.70082954e-02  1.35513991e-01  2.78557897e-01]
 [ 7.95018971e-02  1.25662461e-01 -1.92854494e-01]
 [ 7.95018971e-02  1.25662461e-01 -3.60317826e-01]
 [ 7.95018971e-02  1.25662461e-01 -3.94106954e-01]
 [ 7.95018971e-02  1.25662461e-01 -4.34089631e-01]
 [ 7.21800774e-02  1.25662461e-01 -6.89151108e-01]
 [ 7.21800774e-02  1.25662461e-01 -9.22117949e-01]
 [ 7.21800774e-02  1.25662461e-01 -7.22137630e-01]
 [ 7.21800774e-02  1.25324607e-01 -9.30145562e-01]
 [ 9.01858583e-02  1.06529770e-02 -4.52893451e-02]
 [ 9.01858583e-02  4.14939923e-03 -9.49537903e-02]
 [ 9.01858583e-02  1.47917802e-02 -1.39888495e-01]
 [ 1.04154401e-01  2.48718057e-02 -4.47795652e-02]
 [ 1.04154401e-01  9.58731920e-02 -7.28753731e-02]
 [ 1.04154401e-01  1.64584573e-02 -4.47795652e-02]
 [ 9.01858583e-02  8.99981409e-02 -1.73234612e-01]
 [ 9.65422988e-02  1.17032804e-01 -7.28753731e-02]
 [ 8.25737640e-02  1.11157753e-01 -1.73234612e-01]
 [ 1.06548153e-01 -1.68074861e-01  2.82064378e-01]
 [ 6.02078699e-02 -1.72756821e-01  2.01903388e-01]
 [ 1.06548153e-01 -1.68074861e-01  6.27294123e-01]
 [ 6.02078699e-02 -2.28029832e-01  1.69798911e-01]
 [ 6.02078699e-02 -2.02547699e-01  1.88955799e-01]
 [ 6.02078699e-02 -2.63076037e-01  1.16729334e-01]
 [ 6.02078699e-02 -2.67556667e-01  9.32647213e-02]
 [ 6.02078699e-02 -2.60250241e-01 -1.57132804e-01]
 [ 6.02078699e-02 -2.46074811e-01  1.43264025e-01]
 [ 6.02078699e-02 -2.19443157e-01 -2.11636156e-01]
 [ 6.02078699e-02 -2.21950263e-01 -2.63995409e-01]
 [ 6.02078699e-02 -2.75504649e-01 -2.80627996e-01]
 [ 1.06548153e-01 -1.68074861e-01  5.75509667e-01]
 [ 1.06548153e-01 -1.68074861e-01  3.60052139e-01]
 [ 6.02078699e-02 -2.04934850e-01 -2.18342036e-01]
 [ 6.02078699e-02 -2.97166824e-01 -2.32948110e-01]
 [ 6.02078699e-02 -1.19211063e-01 -2.23406032e-01]
 [ 6.02078699e-02 -9.20414552e-02 -2.21935868e-01]
 [ 6.02078699e-02 -5.24798259e-02 -2.09108651e-01]
 [ 8.90419558e-02  4.89007775e-03 -1.80078655e-01]
 [ 7.77142718e-02 -2.21116040e-02 -1.79661229e-01]
 [ 8.90419558e-02  9.91437733e-02 -2.21870497e-01]
 [ 7.95018971e-02  1.25662461e-01 -2.21870497e-01]
 [ 6.02078699e-02 -2.19877571e-01 -2.20708400e-01]
 [ 5.16979620e-02 -1.59278080e-01  1.70589164e-01]
 [ 5.16979620e-02 -2.19497740e-01  1.45962045e-01]
 [ 5.16979620e-02 -1.92674786e-01  1.61562681e-01]
 [ 5.16979620e-02 -2.51655161e-01  9.99446288e-02]
 [ 5.16979620e-02 -2.55216032e-01  7.91272596e-02]
 [ 5.16979620e-02 -2.48116314e-01 -1.40002832e-01]
 [ 5.16979620e-02 -2.36261249e-01  1.22953437e-01]
 [ 5.16979620e-02 -2.05371276e-01 -1.87334895e-01]
 [ 5.16979620e-02 -1.29369050e-01 -1.93164170e-01]
 [ 5.16979620e-02 -1.05264716e-01 -1.91586450e-01]
 [ 5.16979620e-02 -6.98560774e-02 -1.75391674e-01]
 [-9.52318683e-02  3.10973436e-01  7.51619995e-01]
 [-9.52318683e-02  3.11249316e-01  8.31423581e-01]
 [-9.52318683e-02  1.45696774e-01  8.31423581e-01]
 [-9.52318683e-02  1.44304559e-01  4.28465843e-01]
 [-9.52318683e-02  1.39647394e-01 -9.19437945e-01]
 [-9.52318683e-02  3.05199951e-01 -9.19437945e-01]
 [-8.26269463e-02  3.11249107e-01  8.44026446e-01]
 [-8.26269463e-02  1.45696774e-01  8.44026446e-01]
 [-8.26269463e-02  1.39647394e-01 -9.30783212e-01]
 [-8.26269463e-02  3.05199951e-01 -9.30783212e-01]
 [-8.09640661e-02  3.47269893e-01  7.29621589e-01]
 [-8.09640661e-02  3.47545564e-01  8.07217658e-01]
 [-6.83591366e-02  3.47545564e-01  8.19472194e-01]
 [-6.83591366e-02  3.41496378e-01 -9.06245887e-01]
 [-8.09640661e-02  3.41496378e-01 -8.95214438e-01]
 [-9.52318683e-02  3.09856921e-01  4.28465843e-01]
 [-9.52318683e-02  1.44413128e-01  4.59908396e-01]
 [-8.09640661e-02  3.46153557e-01  4.15405720e-01]
 [-9.52318683e-02  3.09965670e-01  4.59908396e-01]
 [-8.09640661e-02  3.46262127e-01  4.45978642e-01]
 [-9.52318683e-02  1.44464493e-01  4.74750131e-01]
 [-9.52318683e-02  3.10016870e-01  4.74750131e-01]
 [-8.09640661e-02  3.46313298e-01  4.60409999e-01]
 [-9.52318683e-02  1.44584849e-01  5.09614825e-01]
 [-9.52318683e-02  3.10137391e-01  5.09614825e-01]
 [-8.09640661e-02  3.46433848e-01  4.94310081e-01]
 [-9.52318683e-02  1.44640222e-01  5.25645316e-01]
 [-9.52318683e-02  3.10192794e-01  5.25645077e-01]
 [-8.09640661e-02  3.46489221e-01  5.09897113e-01]
 [-9.52318683e-02  1.44748375e-01  5.56923270e-01]
 [-9.52318683e-02  3.10300708e-01  5.56923270e-01]
 [-8.09640661e-02  3.46597165e-01  5.40310085e-01]
 [-9.52318683e-02  1.44817144e-01  5.76850057e-01]
 [-9.52318683e-02  3.10878694e-01  7.24153340e-01]
 [-8.09640661e-02  3.47175121e-01  7.02914536e-01]
 [-9.52318683e-02  1.45421088e-01  7.51619995e-01]
 [-9.52318683e-02  1.45326123e-01  7.24153340e-01]
 [-9.52318683e-02  3.10814112e-01  7.05447853e-01]
 [-8.09640661e-02  3.47110540e-01  6.84726596e-01]
 [-9.52318683e-02  1.45261556e-01  7.05448031e-01]
 [-9.52318683e-02  1.45147011e-01  6.72312617e-01]
 [-9.52318683e-02  3.10649365e-01  6.57780945e-01]
 [-9.52318683e-02  3.10699552e-01  6.72312617e-01]
 [-8.09640661e-02  3.46945822e-01  6.38377964e-01]
 [-8.09640661e-02  3.46996009e-01  6.52507842e-01]
 [-9.52318683e-02  1.45096838e-01  6.57780945e-01]
 [-9.52318683e-02  3.10539424e-01  6.25969708e-01]
 [-8.09640661e-02  3.46835852e-01  6.07446969e-01]
 [-9.52318683e-02  1.44986868e-01  6.25969946e-01]
 [-9.52318683e-02  3.10467064e-01  6.05021656e-01]
 [-8.09640661e-02  3.46763521e-01  5.87078214e-01]
 [-9.52318683e-02  1.44914508e-01  6.05021834e-01]
 [-9.52318683e-02  3.10369700e-01  5.76850057e-01]
 [-8.09640661e-02  3.46666157e-01  5.59685707e-01]
 [-1.03238791e-01  1.44413128e-01  4.59908396e-01]
 [-1.03238791e-01  1.44304559e-01  4.28465843e-01]
 [-1.03238791e-01  3.09856921e-01  4.28465843e-01]
 [-1.03238791e-01  3.09965670e-01  4.59908396e-01]
 [-1.03238791e-01  1.44584849e-01  5.09614825e-01]
 [-1.03238791e-01  1.44464493e-01  4.74750131e-01]
 [-1.03238791e-01  3.10016870e-01  4.74750131e-01]
 [-1.03238791e-01  3.10137391e-01  5.09614825e-01]
 [-1.03238791e-01  1.44748375e-01  5.56923270e-01]
 [-1.03238791e-01  1.44640222e-01  5.25645316e-01]
 [-1.03238791e-01  3.10192794e-01  5.25645077e-01]
 [-1.03238791e-01  3.10300708e-01  5.56923270e-01]
 [-1.03238791e-01  3.10878694e-01  7.24153340e-01]
 [-1.03238791e-01  3.10973436e-01  7.51619995e-01]
 [-1.03238791e-01  1.45421088e-01  7.51619995e-01]
 [-1.03238791e-01  1.45326123e-01  7.24153340e-01]
 [-1.03238791e-01  1.45261556e-01  7.05448031e-01]
 [-1.03238791e-01  1.45147011e-01  6.72312617e-01]
 [-1.03238791e-01  3.10699552e-01  6.72312617e-01]
 [-1.03238791e-01  3.10814112e-01  7.05447853e-01]
 [-1.03238791e-01  3.10539424e-01  6.25969708e-01]
 [-1.03238791e-01  3.10649365e-01  6.57780945e-01]
 [-1.03238791e-01  1.45096838e-01  6.57780945e-01]
 [-1.03238791e-01  1.44986868e-01  6.25969946e-01]
 [-1.03238791e-01  1.44914508e-01  6.05021834e-01]
 [-1.03238791e-01  1.44817144e-01  5.76850057e-01]
 [-1.03238791e-01  3.10369700e-01  5.76850057e-01]
 [-1.03238791e-01  3.10467064e-01  6.05021656e-01]
 [-1.13518335e-01 -7.71692693e-01  8.48351419e-01]
 [-1.13518335e-01 -7.71692693e-01  9.00343001e-01]
 [-1.13518134e-01 -8.83052170e-01  9.00343001e-01]
 [-1.13518134e-01 -8.76548409e-01  6.32029533e-01]
 [-1.13518134e-01 -8.74650180e-01  5.53729057e-01]
 [-1.13518335e-01 -7.71692693e-01  5.53729057e-01]
 [-1.13518134e-01 -8.47217917e-01  5.13119519e-01]
 [-1.13518335e-01 -7.99125016e-01  5.13119519e-01]
 [-1.13518335e-01 -7.71692693e-01  9.12945986e-01]
 [-1.13518134e-01 -8.83052170e-01  9.24148679e-01]
 [-1.13518335e-01 -4.88826841e-01  6.99981809e-01]
 [-1.13518335e-01 -4.88826841e-01  7.50201583e-01]
 [-1.13518335e-01 -6.57108605e-01  8.39523673e-01]
 [-1.13518335e-01 -5.78889787e-01  4.59445596e-01]
 [-1.13518335e-01 -4.88826841e-01  4.15403515e-01]
 [-1.13518335e-01 -2.49293610e-01  5.94957411e-01]
 [-1.13518335e-01 -2.49293610e-01  6.45177186e-01]
 [-1.13518335e-01 -4.48239237e-01  7.32405782e-01]
 [-1.13518335e-01 -2.91567057e-01  3.28914255e-01]
 [-1.13518335e-01 -2.49293610e-01  3.10379088e-01]
 [-6.85896352e-02 -7.71692455e-01  9.88797486e-01]
 [-6.85896352e-02 -8.16536605e-01  1.00000000e+00]
 [-1.13518335e-01 -5.72146297e-01  8.18657517e-01]
 [-1.13518335e-01 -5.72146297e-01  8.31260383e-01]
 [-6.85896352e-02 -5.72146297e-01  9.22234714e-01]
 [-6.85896352e-02 -6.68731570e-01  9.66720641e-01]
 [-1.13518335e-01 -6.68731570e-01  8.70798707e-01]
 [-1.13518335e-01 -6.68731570e-01  8.58195543e-01]
 [-1.13518335e-01 -3.57429683e-01  7.07798243e-01]
 [-1.13518335e-01 -3.57429683e-01  7.20401347e-01]
 [-6.85896352e-02 -3.57429683e-01  7.96252251e-01]
 [-1.13518335e-01 -1.71886608e-01  6.36615098e-01]
 [-1.13518335e-01 -1.71886608e-01  6.49218023e-01]
 [-6.85896352e-02 -1.71886608e-01  7.25068927e-01]
 [-6.71778470e-02 -8.47217917e-01  4.51232970e-01]
 [-6.71778470e-02 -7.99125016e-01  4.44425732e-01]
 [-6.71778470e-02 -7.71692693e-01  4.45164800e-01]
 [-6.71778470e-02 -5.78889787e-01  3.70876640e-01]
 [-6.71778470e-02 -4.88826841e-01  3.34067822e-01]
 [-6.71778470e-02 -2.91567057e-01  2.52123356e-01]
 [-6.71778470e-02 -2.78192073e-01  2.41767675e-01]
 [-1.13518335e-01 -5.78889787e-01  7.98005879e-01]
 [-1.13518335e-01 -6.16933703e-01  8.18199098e-01]
 [-1.13518335e-01 -6.57108605e-01  4.97695774e-01]
 [-1.13518335e-01 -6.16933703e-01  4.78049517e-01]
 [-6.71778470e-02 -6.57108605e-01  4.01748627e-01]
 [-6.71778470e-02 -6.16933703e-01  3.57100606e-01]
 [-1.13518335e-01 -6.16933703e-01  7.67176628e-01]
 [-1.13518335e-01 -6.57108605e-01  7.88249075e-01]
 [-1.13518335e-01 -5.78889787e-01  7.47221708e-01]
 [-1.13518335e-01 -4.14147258e-01  7.17458010e-01]
 [-1.13518335e-01 -4.48239237e-01  3.97607654e-01]
 [-6.71778470e-02 -4.48239237e-01  2.87495643e-01]
 [-1.13518335e-01 -4.48239237e-01  6.82185948e-01]
 [-1.13518335e-01 -4.14147258e-01  3.82659912e-01]
 [-6.71778470e-02 -4.14147258e-01  3.02125871e-01]
 [-1.13518335e-01 -2.91567057e-01  6.63712144e-01]
 [-1.13518335e-01 -4.14147258e-01  6.67238235e-01]
 [-1.13518335e-01 -2.91567057e-01  6.13492548e-01]
 [-1.13518335e-01 -1.52372479e-01  5.71749628e-01]
 [-1.13518335e-01 -1.52372479e-01  6.23836637e-01]
 [-6.71778470e-02 -1.52372479e-01  1.94196314e-01]
 [-1.13518335e-01 -1.52372479e-01  2.76590168e-01]
 [-1.13518335e-01 -1.68074861e-01  2.82064378e-01]
 [-6.71778470e-02 -1.72756821e-01  2.01903388e-01]
 [-1.13518335e-01 -1.68074861e-01  6.27294123e-01]
 [-1.13518335e-01 -5.62925711e-02  6.09939516e-01]
 [-1.13518335e-01 -5.62925711e-02  6.22542441e-01]
 [-6.85896352e-02 -5.62925711e-02  7.04084218e-01]
 [-6.85896352e-02 -1.14258006e-01  7.03777790e-01]
 [-1.13518335e-01 -1.14258006e-01  6.27926886e-01]
 [-1.13518335e-01 -1.14258006e-01  6.15323961e-01]
 [-6.71778470e-02 -6.43430799e-02  1.42178893e-01]
 [-1.13518335e-01 -6.43430799e-02  2.10790515e-01]
 [-1.13518335e-01 -1.08357780e-01  2.43690223e-01]
 [-6.71778470e-02 -1.08357780e-01  1.81303114e-01]
 [-8.46842453e-02 -4.33927663e-02  8.42180476e-02]
 [-9.60119292e-02 -1.41680520e-02  8.38008299e-02]
 [-1.04765125e-01 -2.68069655e-02  1.57965839e-01]
 [-7.59310424e-02 -5.38632199e-02  1.13198467e-01]
 [-8.46842453e-02 -2.95213871e-02 -3.20872739e-02]
 [-9.60119292e-02 -2.96871149e-04 -3.25046927e-02]
 [-6.71778470e-02 -2.28029832e-01  1.69798911e-01]
 [-6.71778470e-02 -2.20250219e-01  1.66437373e-01]
 [-6.71778470e-02 -1.90016136e-01  1.84021741e-01]
 [-6.71778470e-02 -2.67364562e-01  2.14477107e-01]
 [-6.71778470e-02 -2.68269360e-01  1.87186763e-01]
 [-6.71778470e-02 -2.02547699e-01  1.88955799e-01]
 [-6.71778470e-02 -2.63076037e-01  1.16729334e-01]
 [-6.71778470e-02 -2.56496876e-01  1.14568077e-01]
 [-6.71778470e-02 -2.39145413e-01  1.40502617e-01]
 [-6.71778470e-02 -2.81916052e-01  1.57547221e-01]
 [-6.71778470e-02 -2.97106266e-01  1.27907678e-01]
 [-6.71778470e-02 -2.67556667e-01  9.32647213e-02]
 [-6.71778470e-02 -2.60510534e-01  9.11034644e-02]
 [-6.71778470e-02 -3.04001451e-01  1.04443066e-01]
 [-6.71778470e-02 -2.60250241e-01 -1.57132804e-01]
 [-6.71778470e-02 -2.52507806e-01 -1.55892342e-01]
 [-6.71778470e-02 -3.00296456e-01 -1.63547620e-01]
 [-6.71778470e-02 -2.46074811e-01  1.43264025e-01]
 [-6.71778470e-02 -2.19443157e-01 -2.11636156e-01]
 [-6.71778470e-02 -2.04327121e-01 -2.09243581e-01]
 [-6.71778470e-02 -2.97629029e-01 -2.24012196e-01]
 [-6.71778470e-02 -2.21950263e-01 -2.63995409e-01]
 [-6.71778470e-02 -2.07834601e-01 -2.61754811e-01]
 [-6.71778470e-02 -2.04934850e-01 -2.18342036e-01]
 [-6.71778470e-02 -2.97166824e-01 -2.32948110e-01]
 [-6.71778470e-02 -2.94961393e-01 -2.75584996e-01]
 [-6.71778470e-02 -2.75504649e-01 -2.80627996e-01]
 [-6.71778470e-02 -2.73000330e-01 -2.80146241e-01]
 [-6.71778470e-02 -2.88457215e-01 -2.83120126e-01]
 [-6.71778470e-02 -1.19211063e-01 -2.23406032e-01]
 [-6.71778470e-02 -1.18660107e-01 -2.15814129e-01]
 [-6.71778470e-02 -1.21839322e-01 -2.59630322e-01]
 [-6.71778470e-02 -9.20414552e-02 -2.21935868e-01]
 [-6.71778470e-02 -9.14906934e-02 -2.14035705e-01]
 [-6.71778470e-02 -9.46697071e-02 -2.59630322e-01]
 [-6.71778470e-02 -5.24798259e-02 -2.09108651e-01]
 [-6.71778470e-02 -5.15790135e-02 -1.95781425e-01]
 [-6.71778470e-02 -5.67773581e-02 -2.72697628e-01]
 [-8.46842453e-02 -2.21116040e-02 -9.43302587e-02]
 [-9.60119292e-02 -8.44773371e-03 -9.47476849e-02]
 [-8.46842453e-02 -2.21116040e-02 -1.50645420e-01]
 [-9.60119292e-02  4.89007775e-03 -1.51062638e-01]
 [-8.46842453e-02 -2.21116040e-02 -3.18108737e-01]
 [-9.60119292e-02  4.89007775e-03 -3.18525940e-01]
 [-9.60119292e-02  4.89007775e-03 -1.80078655e-01]
 [-8.46842453e-02 -2.21116040e-02 -1.79661229e-01]
 [-1.13518335e-01  4.52783471e-03  6.30212903e-01]
 [-1.13518335e-01  4.52783471e-03  6.42815769e-01]
 [-6.85896352e-02  4.52783471e-03  7.29692698e-01]
 [-1.13518335e-01  1.03128642e-01  8.09408724e-01]
 [-1.13518335e-01  9.07788053e-02  8.22011650e-01]
 [-6.85896352e-02  5.92868701e-02  8.23057413e-01]
 [-6.85896352e-02  4.76533175e-02  7.76375055e-01]
 [-1.13518335e-01  7.28215948e-02  7.66833782e-01]
 [-1.13518335e-01  8.55864510e-02  7.43733644e-01]
 [-6.85896352e-02  5.44427745e-02  8.03618968e-01]
 [-1.13518335e-01  4.76533175e-02  6.89498186e-01]
 [-1.13518335e-01  4.76533175e-02  6.76895261e-01]
 [-1.06655516e-01  9.45453718e-02  8.62303138e-01]
 [-1.06655516e-01  8.78548697e-02  8.69130790e-01]
 [-8.23152736e-02  7.07940757e-02  8.69697392e-01]
 [-1.13518335e-01  1.14836156e-01  7.94588923e-01]
 [-1.06655516e-01  1.15515262e-01  8.47483397e-01]
 [-1.13518335e-01 -7.71692693e-01  6.32029533e-01]
 [-1.13518134e-01 -8.81791711e-01  8.48351419e-01]
 [-1.13518335e-01 -4.88826841e-01  4.91034687e-01]
 [-1.13518335e-01 -2.49293610e-01  3.86010259e-01]
 [-1.13518335e-01 -6.16933703e-01  5.54889560e-01]
 [-1.13518335e-01 -6.57108605e-01  5.74914873e-01]
 [-1.13518335e-01 -5.78889787e-01  5.35926580e-01]
 [-1.13518335e-01 -4.48239237e-01  4.73238826e-01]
 [-1.13518335e-01 -4.14147258e-01  4.58291084e-01]
 [-1.13518335e-01 -2.91567057e-01  4.04545218e-01]
 [-1.13518335e-01 -1.52372479e-01  3.55033308e-01]
 [-1.13518335e-01 -1.68074861e-01  5.75509667e-01]
 [-1.13518335e-01 -1.68074861e-01  3.60052139e-01]
 [-1.13518335e-01  8.96171108e-03  5.25654256e-01]
 [-1.13518335e-01  8.96171108e-03  5.77741265e-01]
 [-1.13518335e-01 -5.92402928e-03  5.81994176e-01]
 [-1.13518335e-01 -5.92402928e-03  5.29907227e-01]
 [-1.13518335e-01  1.08995087e-01  5.25654256e-01]
 [-1.13518335e-01  1.09736182e-01  5.77741265e-01]
 [-1.13518335e-01  8.96171108e-03  4.05614138e-01]
 [-1.13518335e-01  1.08995087e-01  4.05614138e-01]
 [-1.13518335e-01 -6.15452882e-03  5.25654256e-01]
 [-1.13518335e-01 -6.15452882e-03  4.05614138e-01]
 [-1.13518335e-01  8.96171108e-03  8.01718086e-02]
 [-1.13518335e-01  1.08995087e-01  8.01718086e-02]
 [-1.13518335e-01 -6.15452882e-03  8.01718086e-02]
 [-1.13518335e-01  8.96171108e-03  2.78557897e-01]
 [-1.13518335e-01 -6.15452882e-03  2.78557897e-01]
 [-1.13518335e-01  1.08995087e-01  2.78557897e-01]
 [-1.13518335e-01  1.75229963e-02 -3.18657719e-02]
 [-1.13518335e-01  1.06506772e-01 -6.70774877e-02]
 [-1.13518335e-01  6.97897142e-03 -3.18657719e-02]
 [-1.08079091e-01 -1.28836885e-01  3.73451114e-01]
 [-1.08079091e-01 -1.28836885e-01  5.29146135e-01]
 [-1.08079091e-01 -1.28836885e-01  3.17095369e-01]
 [-1.08079091e-01 -2.37898752e-02  4.96029913e-01]
 [-1.08079091e-01 -2.37898752e-02  4.09789771e-01]
 [-1.08079091e-01 -2.36243475e-02  4.99085397e-01]
 [-1.08079091e-01 -2.37898752e-02  3.18508953e-01]
 [-1.02832973e-01 -1.06712684e-01  3.90764624e-01]
 [-1.02832973e-01 -1.06712684e-01  4.89097327e-01]
 [-1.02832973e-01 -1.06712684e-01  3.55171651e-01]
 [-1.02832973e-01 -4.03678827e-02  4.68182027e-01]
 [-1.02832973e-01 -4.03678827e-02  4.13715065e-01]
 [-1.02832973e-01 -4.02633250e-02  4.70111579e-01]
 [-1.02832973e-01 -4.03678827e-02  3.56064677e-01]
 [-9.60119292e-02  9.91439670e-02 -2.21870497e-01]
 [-9.60119292e-02  9.91439670e-02 -1.92854494e-01]
 [-9.60119292e-02  9.91439670e-02 -3.60317826e-01]
 [-8.46842453e-02 -1.49980914e-02 -4.00803030e-01]
 [-9.60119292e-02  4.89007775e-03 -3.89661103e-01]
 [-9.60119292e-02  9.91439670e-02 -3.94106954e-01]
 [-8.46842453e-02 -1.49980914e-02 -4.30115521e-01]
 [-9.60119292e-02  4.89007775e-03 -4.29643512e-01]
 [-9.60119292e-02  9.91439670e-02 -4.34089631e-01]
 [-8.46842453e-02 -1.49980914e-02 -6.85177028e-01]
 [-8.86899084e-02  4.89007775e-03 -6.84705257e-01]
 [-8.86899084e-02  9.91439670e-02 -6.89151108e-01]
 [-8.86899084e-02  9.14263260e-03 -4.41352040e-01]
 [-8.86899084e-02  9.48914140e-02 -4.45396721e-01]
 [-8.86899084e-02  9.14263260e-03 -6.73397958e-01]
 [-8.86899084e-02  9.48914140e-02 -6.77442610e-01]
 [-8.86899084e-02  4.89007775e-03 -9.17672336e-01]
 [-8.86899084e-02  9.91439670e-02 -9.22117949e-01]
 [-8.86899084e-02  9.91439670e-02 -7.22137630e-01]
 [-8.86899084e-02  4.89007775e-03 -7.17691720e-01]
 [-8.46842453e-02 -1.74740162e-02 -7.16298521e-01]
 [-8.86899084e-02  2.41395249e-03 -7.15826750e-01]
 [-8.46842453e-02 -1.74740162e-02 -9.18526947e-01]
 [-8.86899084e-02  2.41395249e-03 -9.18055177e-01]
 [-8.86899084e-02  2.74576824e-02 -9.25699651e-01]
 [-8.86899084e-02  9.88061130e-02 -9.30145562e-01]
 [-1.03978269e-01  1.41354859e-01  7.94588923e-01]
 [-9.71154496e-02  1.42033964e-01  8.47483397e-01]
 [-1.03978269e-01  1.35513991e-01  5.25654256e-01]
 [-1.03978269e-01  1.36254862e-01  5.77741265e-01]
 [-1.03978269e-01  1.35513991e-01  4.05614138e-01]
 [-1.03978269e-01  1.35513991e-01  2.78557897e-01]
 [-1.03978269e-01  1.33025467e-01 -6.70774877e-02]
 [-1.03978269e-01  1.35513991e-01  8.01718086e-02]
 [-8.64720717e-02  1.25662461e-01 -2.21870497e-01]
 [-8.64720717e-02  1.25662461e-01 -1.92854494e-01]
 [-8.64720717e-02  1.25662461e-01 -3.94106954e-01]
 [-8.64720717e-02  1.25662461e-01 -3.60317826e-01]
 [-8.64720717e-02  1.25662461e-01 -4.34089631e-01]
 [-7.91500509e-02  1.25662461e-01 -6.89151108e-01]
 [-7.91500509e-02  1.25662461e-01 -7.22137630e-01]
 [-7.91500509e-02  1.25662461e-01 -9.22117949e-01]
 [-7.91500509e-02  1.25324607e-01 -9.30145562e-01]
 [-9.71558318e-02  4.14939923e-03 -9.49537903e-02]
 [-9.71558318e-02  1.06531763e-02 -4.52893451e-02]
 [-9.71558318e-02  1.47917802e-02 -1.39888495e-01]
 [-1.11124374e-01  2.48718057e-02 -4.47795652e-02]
 [-1.11124374e-01  9.58731920e-02 -7.28753731e-02]
 [-1.11124374e-01  1.64584573e-02 -4.47795652e-02]
 [-9.71558318e-02  8.99981409e-02 -1.73234612e-01]
 [-8.95437375e-02  1.11157753e-01 -1.73234612e-01]
 [-1.03512473e-01  1.17032804e-01 -7.28753731e-02]
 [-6.71778470e-02 -2.19877571e-01 -2.20708400e-01]
 [-5.86679354e-02 -1.92674786e-01  1.61562681e-01]
 [-5.86679354e-02 -1.59278080e-01  1.70589164e-01]
 [-5.86679354e-02 -2.19497740e-01  1.45962045e-01]
 [-5.86679354e-02 -2.36261249e-01  1.22953437e-01]
 [-5.86679354e-02 -2.55216032e-01  7.91272596e-02]
 [-5.86679354e-02 -2.51655161e-01  9.99446288e-02]
 [-5.86679354e-02 -2.48116314e-01 -1.40002832e-01]
 [-5.86679354e-02 -2.05371276e-01 -1.87334895e-01]
 [-5.86679354e-02 -1.29369050e-01 -1.93164170e-01]
 [-5.86679354e-02 -1.05264716e-01 -1.91586450e-01]
 [-5.86679354e-02 -6.98560774e-02 -1.75391674e-01]
 [ 6.17112173e-03  3.41496378e-01 -8.95214438e-01]
 [ 6.17112173e-03  3.46153557e-01  4.15405720e-01]
 [-1.31410966e-02  3.41496378e-01 -8.95214438e-01]
 [-1.31410966e-02  3.46153557e-01  4.15405720e-01]
 [ 8.82618949e-02  1.39878690e-01 -8.52469623e-01]
 [ 8.82618949e-02  3.05431455e-01 -8.52469623e-01]
 [ 7.39938840e-02  3.41727883e-01 -8.30098748e-01]
 [-9.52318683e-02  1.39878690e-01 -8.52469623e-01]
 [-9.52318683e-02  3.05431455e-01 -8.52469623e-01]
 [-8.09640661e-02  3.41727883e-01 -8.30098748e-01]
 [ 6.17112173e-03  3.41727883e-01 -8.30098748e-01]
 [-1.31410966e-02  3.41727883e-01 -8.30098748e-01]
 [ 8.82618949e-02  1.39687374e-01 -9.07891572e-01]
 [-9.52318683e-02  1.39687374e-01 -9.07891572e-01]
 [ 8.82618949e-02  3.05239946e-01 -9.07891572e-01]
 [ 7.39938840e-02  3.41536373e-01 -8.83987725e-01]
 [-9.52318683e-02  3.05239946e-01 -9.07891572e-01]
 [-8.09640661e-02  3.41536373e-01 -8.83987725e-01]
 [ 6.17112173e-03  3.41536373e-01 -8.83987725e-01]
 [-1.31410966e-02  3.41536373e-01 -8.83987725e-01]
 [ 6.17112173e-03  3.90222043e-01 -8.84160638e-01]
 [ 6.17112173e-03  3.90413374e-01 -8.67068708e-01]
 [-1.31410966e-02  3.90222043e-01 -8.84160638e-01]
 [-1.31410966e-02  3.90413374e-01 -8.67068708e-01]
 [ 1.01555930e-03  3.94460797e-01 -8.79644871e-01]
 [ 1.01555930e-03  3.94549966e-01 -8.71678472e-01]
 [-7.98553415e-03  3.94460797e-01 -8.79644871e-01]
 [-7.98553415e-03  3.94549966e-01 -8.71678472e-01]
 [ 4.67603058e-02  3.47318470e-01  7.43259013e-01]
 [ 4.67603058e-02  3.47497195e-01  7.93580174e-01]
 [-5.37302829e-02  3.47318470e-01  7.43259013e-01]
 [-5.37302829e-02  3.47497195e-01  7.93580174e-01]
 [ 2.23413035e-02  3.47269893e-01  7.29621589e-01]
 [-2.93112807e-02  3.47269893e-01  7.29621589e-01]
 [-2.93112807e-02  3.47175121e-01  7.02914536e-01]
 [ 2.23413035e-02  3.47175121e-01  7.02914536e-01]
 [ 3.31927948e-02 -8.83052170e-01  9.00343001e-01]
 [-4.01627682e-02 -8.83052170e-01  9.00343001e-01]
 [-4.01627682e-02 -8.83052170e-01  9.24148679e-01]
 [ 3.31927948e-02 -8.83052170e-01  9.24148679e-01]
 [ 1.77458972e-02 -5.78889787e-01  3.70876640e-01]
 [-2.47158725e-02 -5.78889787e-01  3.70876640e-01]
 [-2.47158725e-02 -6.16933703e-01  3.57100606e-01]
 [ 1.77458972e-02 -6.16933703e-01  3.57100606e-01]
 [ 1.77458972e-02 -2.68269360e-01  1.87186763e-01]
 [-2.47158725e-02 -2.68269360e-01  1.87186763e-01]
 [-2.47158725e-02 -2.67364562e-01  2.14477107e-01]
 [ 1.77458972e-02 -2.67364562e-01  2.14477107e-01]
 [ 1.82164945e-02  4.52783471e-03  7.29692698e-01]
 [-2.51864679e-02  4.52783471e-03  7.29692698e-01]
 [-2.51864679e-02  4.76533175e-02  7.76375055e-01]
 [ 1.82164945e-02  4.76533175e-02  7.76375055e-01]
 [ 2.35813651e-02 -1.74740162e-02 -7.16298521e-01]
 [-3.05513404e-02 -1.74740162e-02 -7.16298521e-01]
 [-3.18867601e-02  2.41395249e-03 -7.15826750e-01]
 [ 2.49165855e-02  2.41395249e-03 -7.15826750e-01]
 [-2.47158725e-02 -2.78192073e-01  2.41767675e-01]
 [ 1.77458972e-02 -2.78192073e-01  2.41767675e-01]
 [ 2.49165855e-02  2.41395249e-03 -9.18055177e-01]
 [-3.18867601e-02  2.41395249e-03 -9.18055177e-01]
 [-3.05513404e-02 -1.74740162e-02 -9.18526947e-01]
 [ 2.35813651e-02 -1.74740162e-02 -9.18526947e-01]
 [-2.93112807e-02  3.47110540e-01  6.84726596e-01]
 [ 2.23413035e-02  3.47110540e-01  6.84726596e-01]
 [ 1.77458972e-02 -4.48239237e-01  2.87495643e-01]
 [-2.47158725e-02 -4.48239237e-01  2.87495643e-01]
 [-2.47158725e-02 -4.88826841e-01  3.34067822e-01]
 [ 1.77458972e-02 -4.88826841e-01  3.34067822e-01]
 [-2.51864679e-02  5.44427745e-02  8.03618968e-01]
 [ 1.82164945e-02  5.44427745e-02  8.03618968e-01]
 [ 2.28956640e-02  1.45696774e-01  8.44026446e-01]
 [-2.98656393e-02  1.45696774e-01  8.44026446e-01]
 [-2.98656393e-02  3.11249107e-01  8.44026446e-01]
 [ 2.28956640e-02  3.11249107e-01  8.44026446e-01]
 [ 1.82164945e-02 -8.16536605e-01  1.00000000e+00]
 [-2.51864679e-02 -8.16536605e-01  1.00000000e+00]
 [-2.51864679e-02 -7.71692455e-01  9.88797486e-01]
 [ 1.82164945e-02 -7.71692455e-01  9.88797486e-01]
 [ 1.77458972e-02 -2.97106266e-01  1.27907678e-01]
 [-2.47158725e-02 -2.97106266e-01  1.27907678e-01]
 [-2.47158725e-02 -2.81916052e-01  1.57547221e-01]
 [ 1.77458972e-02 -2.81916052e-01  1.57547221e-01]
 [ 2.49165855e-02  4.89007775e-03 -7.17691720e-01]
 [-3.18867601e-02  4.89007775e-03 -7.17691720e-01]
 [-3.18867601e-02  4.89007775e-03 -6.84705257e-01]
 [ 2.49165855e-02  4.89007775e-03 -6.84705257e-01]
 [ 2.28956640e-02  3.05199951e-01 -9.30783212e-01]
 [-2.98656393e-02  3.05199951e-01 -9.30783212e-01]
 [-2.98656393e-02  1.39647394e-01 -9.30783212e-01]
 [ 2.28956640e-02  1.39647394e-01 -9.30783212e-01]
 [ 1.77458972e-02 -4.14147258e-01  3.02125871e-01]
 [-2.47158725e-02 -4.14147258e-01  3.02125871e-01]
 [ 2.23413035e-02  3.46996009e-01  6.52507842e-01]
 [-2.93112807e-02  3.46996009e-01  6.52507842e-01]
 [-2.93112807e-02  3.46945822e-01  6.38377964e-01]
 [ 2.23413035e-02  3.46945822e-01  6.38377964e-01]
 [ 1.77458972e-02 -3.04001451e-01  1.04443066e-01]
 [-2.47158725e-02 -3.04001451e-01  1.04443066e-01]
 [ 2.49165855e-02  4.89007775e-03 -9.17672336e-01]
 [-3.18867601e-02  4.89007775e-03 -9.17672336e-01]
 [-2.51864679e-02 -6.68731570e-01  9.66720641e-01]
 [ 1.82164945e-02 -6.68731570e-01  9.66720641e-01]
 [ 2.23413035e-02  3.47545564e-01  8.07217658e-01]
 [-2.93112807e-02  3.47545564e-01  8.07217658e-01]
 [ 2.77251676e-02  1.42033964e-01  8.47483397e-01]
 [-3.46951410e-02  1.42033964e-01  8.47483397e-01]
 [ 2.49165855e-02  9.88061130e-02 -9.30145562e-01]
 [-3.18867601e-02  9.88061130e-02 -9.30145562e-01]
 [-3.18867601e-02  2.74576824e-02 -9.25699651e-01]
 [ 2.49165855e-02  2.74576824e-02 -9.25699651e-01]
 [-2.51864679e-02  5.92868701e-02  8.23057413e-01]
 [ 1.82164945e-02  5.92868701e-02  8.23057413e-01]
 [ 1.81397274e-02  3.47545564e-01  8.19472194e-01]
 [-2.51097027e-02  3.47545564e-01  8.19472194e-01]
 [-2.87067406e-02  1.25324607e-01 -9.30145562e-01]
 [ 2.17365678e-02  1.25324607e-01 -9.30145562e-01]
 [ 2.23413035e-02  3.41496378e-01 -8.95214438e-01]
 [-2.93112807e-02  3.41496378e-01 -8.95214438e-01]
 [-2.51097027e-02  3.41496378e-01 -9.06245887e-01]
 [ 1.81397274e-02  3.41496378e-01 -9.06245887e-01]
 [ 1.77458972e-02 -3.00296456e-01 -1.63547620e-01]
 [-2.47158725e-02 -3.00296456e-01 -1.63547620e-01]
 [ 1.77458972e-02 -2.91567057e-01  2.52123356e-01]
 [-2.47158725e-02 -2.91567057e-01  2.52123356e-01]
 [-2.51864679e-02 -5.72146297e-01  9.22234714e-01]
 [ 1.82164945e-02 -5.72146297e-01  9.22234714e-01]
 [ 3.09051890e-02  8.78548697e-02  8.69130790e-01]
 [-3.78751606e-02  8.78548697e-02  8.69130790e-01]
 [-3.78751606e-02  9.45453718e-02  8.62303138e-01]
 [ 3.09051890e-02  9.45453718e-02  8.62303138e-01]
 [ 2.27917079e-02  7.07940757e-02  8.69697392e-01]
 [-2.97616832e-02  7.07940757e-02  8.69697392e-01]
 [ 1.77458972e-02 -8.47218096e-01  4.51232970e-01]
 [-2.47158725e-02 -8.47217917e-01  4.51232970e-01]
 [-4.01627682e-02 -8.74650180e-01  5.53729057e-01]
 [ 3.31927948e-02 -8.74650180e-01  5.53729057e-01]
 [-2.93112807e-02  3.46835852e-01  6.07446969e-01]
 [ 2.23413035e-02  3.46835852e-01  6.07446969e-01]
 [ 1.77458972e-02 -2.97629029e-01 -2.24012196e-01]
 [-2.47158725e-02 -2.97629029e-01 -2.24012196e-01]
 [ 2.23413035e-02  3.46153557e-01  4.15405720e-01]
 [-2.93112807e-02  3.46153557e-01  4.15405720e-01]
 [-3.78751606e-02  1.15515262e-01  8.47483397e-01]
 [ 3.09051890e-02  1.15515262e-01  8.47483397e-01]
 [-2.51864679e-02 -3.57429683e-01  7.96252251e-01]
 [ 1.82164945e-02 -3.57429683e-01  7.96252251e-01]
 [ 1.77458972e-02 -2.94961393e-01 -2.75584996e-01]
 [-2.47158725e-02 -2.94961393e-01 -2.75584996e-01]
 [-2.47158725e-02 -2.97166824e-01 -2.32948110e-01]
 [ 1.77458972e-02 -2.97166824e-01 -2.32948110e-01]
 [ 1.77458972e-02 -2.73000330e-01 -2.80146241e-01]
 [-2.47158725e-02 -2.73000330e-01 -2.80146241e-01]
 [-2.47158725e-02 -2.75504649e-01 -2.80627996e-01]
 [ 1.77458972e-02 -2.75504649e-01 -2.80627996e-01]
 [-2.93112807e-02  3.46763521e-01  5.87078214e-01]
 [ 2.23413035e-02  3.46763521e-01  5.87078214e-01]
 [ 3.31927948e-02 -8.81791711e-01  8.48351419e-01]
 [-4.01627682e-02 -8.81791711e-01  8.48351419e-01]
 [-2.47158725e-02 -2.88457215e-01 -2.83120126e-01]
 [ 1.77458972e-02 -2.88457215e-01 -2.83120126e-01]
 [ 2.23413035e-02  3.46262127e-01  4.45978642e-01]
 [-2.93112807e-02  3.46262127e-01  4.45978642e-01]
 [ 1.77458972e-02 -2.07834601e-01 -2.61754811e-01]
 [-2.47158725e-02 -2.07834601e-01 -2.61754811e-01]
 [-2.51864679e-02 -1.71886608e-01  7.25068927e-01]
 [ 1.82164945e-02 -1.71886608e-01  7.25068927e-01]
 [-2.51864679e-02 -1.14258006e-01  7.03777790e-01]
 [ 1.82164945e-02 -1.14258006e-01  7.03777790e-01]
 [ 1.77458972e-02 -1.21839322e-01 -2.59630322e-01]
 [-2.47158725e-02 -1.21839322e-01 -2.59630322e-01]
 [ 2.23413035e-02  3.46666157e-01  5.59685707e-01]
 [-2.93112807e-02  3.46666157e-01  5.59685707e-01]
 [-2.93112807e-02  3.46597165e-01  5.40310085e-01]
 [ 2.23413035e-02  3.46597165e-01  5.40310085e-01]
 [ 2.23413035e-02  3.46313298e-01  4.60409999e-01]
 [-2.93112807e-02  3.46313298e-01  4.60409999e-01]
 [-2.51864679e-02 -5.62925711e-02  7.04084218e-01]
 [ 1.82164945e-02 -5.62925711e-02  7.04084218e-01]
 [ 1.77458972e-02 -7.99125016e-01  4.44425732e-01]
 [-2.47158725e-02 -7.99125016e-01  4.44425732e-01]
 [ 1.77458972e-02 -7.71692693e-01  4.45164800e-01]
 [-2.47158725e-02 -7.71692693e-01  4.45164800e-01]
 [ 1.77458972e-02 -9.46697071e-02 -2.59630322e-01]
 [-2.47158725e-02 -9.46697071e-02 -2.59630322e-01]
 [ 2.35813651e-02 -1.49980914e-02 -4.00803030e-01]
 [-3.05513404e-02 -1.49980914e-02 -4.00803030e-01]
 [-3.05513404e-02 -2.21116040e-02 -3.18108737e-01]
 [ 2.35813651e-02 -2.21116040e-02 -3.18108737e-01]
 [ 2.23413035e-02  3.46433848e-01  4.94310081e-01]
 [-2.93112807e-02  3.46433848e-01  4.94310081e-01]
 [ 1.77458972e-02 -5.67773581e-02 -2.72697628e-01]
 [-2.47158725e-02 -5.67773581e-02 -2.72697628e-01]
 [ 2.35813651e-02 -1.49980914e-02 -4.30115521e-01]
 [-3.05513404e-02 -1.49980914e-02 -4.30115521e-01]
 [-3.05513404e-02 -1.49980914e-02 -6.85177028e-01]
 [ 2.35813651e-02 -1.49980914e-02 -6.85177028e-01]
 [ 2.23413035e-02  3.46489221e-01  5.09897113e-01]
 [-2.93112807e-02  3.46489221e-01  5.09897113e-01]
 [-2.47158725e-02 -6.57108605e-01  4.01748627e-01]
 [ 1.77458972e-02 -6.57108605e-01  4.01748627e-01]
 [-4.01627682e-02 -8.76548171e-01  6.32029533e-01]
 [ 3.31927948e-02 -8.76548171e-01  6.32029533e-01]
 [-2.66284449e-04  3.41496378e-01 -8.95214438e-01]
 [-6.70369063e-03  3.41496378e-01 -8.95214438e-01]
 [-2.66284449e-04  3.46153557e-01  4.15405720e-01]
 [-6.70369063e-03  3.46153557e-01  4.15405720e-01]
 [-2.66284449e-04  3.41727883e-01 -8.30098748e-01]
 [-6.70369063e-03  3.41727883e-01 -8.30098748e-01]
 [-2.66284449e-04  3.41536373e-01 -8.83987725e-01]
 [-6.70369063e-03  3.41536373e-01 -8.83987725e-01]
 [-2.66284449e-04  3.90413374e-01 -8.67068708e-01]
 [-6.70369063e-03  3.90413374e-01 -8.67068708e-01]
 [-2.66284449e-04  3.90222043e-01 -8.84160638e-01]
 [-6.70369063e-03  3.90222043e-01 -8.84160638e-01]
 [-1.98473874e-03  3.94549966e-01 -8.71678472e-01]
 [-4.98523656e-03  3.94549966e-01 -8.71678472e-01]
 [-1.98473874e-03  3.94460797e-01 -8.79644871e-01]
 [-4.98523656e-03  3.94460797e-01 -8.79644871e-01]
 [ 1.32634435e-02  3.47318470e-01  7.43259013e-01]
 [-2.02334188e-02  3.47318470e-01  7.43259013e-01]
 [ 1.32634435e-02  3.47497195e-01  7.93580174e-01]
 [-2.02334188e-02  3.47497195e-01  7.93580174e-01]
 [ 4.14712019e-02  3.47346634e-01  7.51204550e-01]
 [ 4.14712019e-02  3.47469002e-01  7.85634637e-01]
 [ 1.85525492e-02  3.47346634e-01  7.51204550e-01]
 [ 1.85525492e-02  3.47469002e-01  7.85634637e-01]
 [-4.93139960e-02  3.47341865e-01  7.49893546e-01]
 [-4.93139960e-02  3.47473592e-01  7.86945641e-01]
 [-2.46497020e-02  3.47341865e-01  7.49893546e-01]
 [-2.46497020e-02  3.47473592e-01  7.86945641e-01]
 [ 4.14712019e-02  3.77801627e-01  7.51032472e-01]
 [ 4.14712019e-02  3.77923965e-01  7.85462499e-01]
 [ 1.85525492e-02  3.77801627e-01  7.51032472e-01]
 [ 1.85525492e-02  3.77923965e-01  7.85462499e-01]
 [-4.93139960e-02  3.77796829e-01  7.49721408e-01]
 [-4.93139960e-02  3.77928585e-01  7.86773562e-01]
 [-2.46497020e-02  3.77796829e-01  7.49721408e-01]
 [-2.46497020e-02  3.77928585e-01  7.86773562e-01]
 [ 3.71748656e-02  3.96919936e-01  7.57418871e-01]
 [ 3.71748656e-02  3.96996289e-01  7.78940380e-01]
 [ 2.28488836e-02  3.96919936e-01  7.57418871e-01]
 [ 2.28488836e-02  3.96996289e-01  7.78940380e-01]
 [-4.32888120e-02  3.96924347e-01  7.58704722e-01]
 [-4.32888120e-02  3.96991730e-01  7.77654707e-01]
 [-3.06746867e-02  3.96924347e-01  7.58704722e-01]
 [-3.06746867e-02  3.96991730e-01  7.77654707e-01]
 [ 4.54226844e-02  2.22505629e-01 -9.52468634e-01]
 [ 4.54226844e-02  2.22505629e-01 -8.37999284e-01]
 [ 4.44824956e-02  2.32052892e-01 -9.52468634e-01]
 [ 4.44824956e-02  2.32052892e-01 -8.37999284e-01]
 [ 4.16975059e-02  2.41233110e-01 -9.52468634e-01]
 [ 4.16975059e-02  2.41233110e-01 -8.37999284e-01]
 [ 3.71752642e-02  2.49693841e-01 -9.52468634e-01]
 [ 3.71752642e-02  2.49693841e-01 -8.37999284e-01]
 [ 3.10893077e-02  2.57109612e-01 -9.52468634e-01]
 [ 3.10893077e-02  2.57109612e-01 -8.37999284e-01]
 [ 2.36733258e-02  2.63195574e-01 -9.52468634e-01]
 [ 2.36733258e-02  2.63195574e-01 -8.37999284e-01]
 [ 1.52127966e-02  2.67718017e-01 -9.52468634e-01]
 [ 1.52127966e-02  2.67717808e-01 -8.37999284e-01]
 [ 6.03238214e-03  2.70502806e-01 -9.52468634e-01]
 [ 6.03238214e-03  2.70502806e-01 -8.37999284e-01]
 [-3.51467473e-03  2.71442980e-01 -9.52468634e-01]
 [-3.51467473e-03  2.71442980e-01 -8.37999284e-01]
 [-1.30619314e-02  2.70502806e-01 -9.52468634e-01]
 [-1.30619314e-02  2.70502806e-01 -8.37999284e-01]
 [-2.22423468e-02  2.67718017e-01 -9.52468634e-01]
 [-2.22423468e-02  2.67718017e-01 -8.37999284e-01]
 [-3.07028741e-02  2.63195574e-01 -9.52468634e-01]
 [-3.07028741e-02  2.63195574e-01 -8.37999284e-01]
 [-3.81188579e-02  2.57109612e-01 -9.52468634e-01]
 [-3.81188579e-02  2.57109612e-01 -8.37999284e-01]
 [-4.42048162e-02  2.49693841e-01 -9.52468634e-01]
 [-4.42048162e-02  2.49693841e-01 -8.37999284e-01]
 [-4.87270541e-02  2.41233110e-01 -9.52468634e-01]
 [-4.87270541e-02  2.41233110e-01 -8.37999284e-01]
 [-5.15118428e-02  2.32052892e-01 -9.52468634e-01]
 [-5.15118428e-02  2.32052892e-01 -8.37999284e-01]
 [-5.24522364e-02  2.22505629e-01 -9.52468634e-01]
 [-5.24522364e-02  2.22505629e-01 -8.37999284e-01]
 [-5.15118428e-02  2.12958366e-01 -9.52468634e-01]
 [-5.15118428e-02  2.12958366e-01 -8.37999284e-01]
 [-4.87270541e-02  2.03777969e-01 -9.52468634e-01]
 [-4.87270541e-02  2.03777969e-01 -8.37999284e-01]
 [-4.42048162e-02  1.95317432e-01 -9.52468634e-01]
 [-4.42048162e-02  1.95317432e-01 -8.37999284e-01]
 [-3.81188579e-02  1.87901661e-01 -9.52468634e-01]
 [-3.81186567e-02  1.87901661e-01 -8.37999284e-01]
 [-3.07028741e-02  1.81815490e-01 -9.52468634e-01]
 [-3.07028741e-02  1.81815490e-01 -8.37999284e-01]
 [-2.22423468e-02  1.77293256e-01 -9.52468634e-01]
 [-2.22423468e-02  1.77293256e-01 -8.37999284e-01]
 [-1.30619314e-02  1.74508467e-01 -9.52468634e-01]
 [-1.30619314e-02  1.74508467e-01 -8.37999284e-01]
 [-3.51467473e-03  1.73568070e-01 -9.52468634e-01]
 [-3.51467473e-03  1.73568070e-01 -8.37999284e-01]
 [ 6.03258191e-03  1.74508467e-01 -9.52468634e-01]
 [ 6.03258191e-03  1.74508467e-01 -8.37999284e-01]
 [ 1.52127966e-02  1.77293256e-01 -9.52468634e-01]
 [ 1.52127966e-02  1.77293256e-01 -8.37999284e-01]
 [ 2.36735251e-02  1.81815490e-01 -9.52468634e-01]
 [ 2.36735251e-02  1.81815490e-01 -8.37999284e-01]
 [ 3.10893077e-02  1.87901661e-01 -9.52468634e-01]
 [ 3.10893077e-02  1.87901661e-01 -8.37999284e-01]
 [ 3.71752642e-02  1.95317432e-01 -9.52468634e-01]
 [ 3.71752642e-02  1.95317432e-01 -8.37999284e-01]
 [ 4.16977033e-02  2.03778163e-01 -9.52468634e-01]
 [ 4.16977033e-02  2.03778163e-01 -8.37999284e-01]
 [ 4.44824956e-02  2.12958366e-01 -9.52468634e-01]
 [ 4.44824956e-02  2.12958366e-01 -8.37999284e-01]
 [ 3.69337723e-02  2.22505629e-01 -9.52468634e-01]
 [ 3.61567065e-02  2.30396599e-01 -9.52468634e-01]
 [ 3.38549055e-02  2.37984732e-01 -9.52468634e-01]
 [ 3.01171280e-02  2.44977683e-01 -9.52468634e-01]
 [ 2.50867121e-02  2.51107216e-01 -9.52468634e-01]
 [ 1.89571716e-02  2.56137431e-01 -9.52468634e-01]
 [ 1.19642075e-02  2.59875417e-01 -9.52468634e-01]
 [ 4.37630061e-03  2.62177020e-01 -9.52468634e-01]
 [-3.51467473e-03  2.62954265e-01 -9.52468634e-01]
 [-1.14058498e-02  2.62177020e-01 -9.52468634e-01]
 [-1.89937558e-02  2.59875417e-01 -9.52468634e-01]
 [-2.59867217e-02  2.56137431e-01 -9.52468634e-01]
 [-3.21162604e-02  2.51107216e-01 -9.52468634e-01]
 [-3.71464789e-02  2.44977683e-01 -9.52468634e-01]
 [-4.08844575e-02  2.37984732e-01 -9.52468634e-01]
 [-4.31862548e-02  2.30396599e-01 -9.52468634e-01]
 [-4.39633168e-02  2.22505629e-01 -9.52468634e-01]
 [-4.31862548e-02  2.14614451e-01 -9.52468634e-01]
 [-4.08844575e-02  2.07026750e-01 -9.52468634e-01]
 [-3.71464789e-02  2.00033590e-01 -9.52468634e-01]
 [-3.21162604e-02  1.93904236e-01 -9.52468634e-01]
 [-2.59867217e-02  1.88873827e-01 -9.52468634e-01]
 [-1.89937558e-02  1.85136050e-01 -9.52468634e-01]
 [-1.14058498e-02  1.82834253e-01 -9.52468634e-01]
 [-3.51467473e-03  1.82056993e-01 -9.52468634e-01]
 [ 4.37650038e-03  1.82834253e-01 -9.52468634e-01]
 [ 1.19642075e-02  1.85136050e-01 -9.52468634e-01]
 [ 1.89573728e-02  1.88873827e-01 -9.52468634e-01]
 [ 2.50867121e-02  1.93904236e-01 -9.52468634e-01]
 [ 3.01171280e-02  2.00033590e-01 -9.52468634e-01]
 [ 3.38549055e-02  2.07026750e-01 -9.52468634e-01]
 [ 3.61567065e-02  2.14614451e-01 -9.52468634e-01]
 [-3.55685619e-03  1.32962093e-01 -9.44262564e-01]
 [-3.55685619e-03  1.32962093e-01 -8.49353790e-01]
 [ 5.70092583e-03  1.32050291e-01 -9.44262564e-01]
 [ 5.70092583e-03  1.32050291e-01 -8.49353790e-01]
 [ 1.46030616e-02  1.29349858e-01 -9.44262564e-01]
 [ 1.46030616e-02  1.29349858e-01 -8.49353790e-01]
 [ 2.28073020e-02  1.24964565e-01 -9.44262564e-01]
 [ 2.28073020e-02  1.24964565e-01 -8.49353790e-01]
 [ 2.99983807e-02  1.19062930e-01 -9.44262564e-01]
 [ 2.99983807e-02  1.19062930e-01 -8.49353790e-01]
 [ 3.59000191e-02  1.11872040e-01 -9.44262564e-01]
 [ 3.59000191e-02  1.11872040e-01 -8.49353790e-01]
 [ 4.02853191e-02  1.03667803e-01 -9.44262564e-01]
 [ 4.02853191e-02  1.03667803e-01 -8.49353790e-01]
 [ 4.29857448e-02  9.47656706e-02 -9.44262564e-01]
 [ 4.29857448e-02  9.47656706e-02 -8.49353790e-01]
 [ 4.38975506e-02  8.55076909e-02 -9.44262564e-01]
 [ 4.38975506e-02  8.55076909e-02 -8.49353790e-01]
 [ 4.29857448e-02  7.62499124e-02 -9.44262564e-01]
 [ 4.29857448e-02  7.62499124e-02 -8.49353790e-01]
 [ 4.02853191e-02  6.73477724e-02 -9.44262564e-01]
 [ 4.02853191e-02  6.73477724e-02 -8.49353790e-01]
 [ 3.59000191e-02  5.91435283e-02 -9.44262564e-01]
 [ 3.59000191e-02  5.91435283e-02 -8.49353790e-01]
 [ 2.99983807e-02  5.19524515e-02 -9.44262564e-01]
 [ 2.99983807e-02  5.19524515e-02 -8.49353790e-01]
 [ 2.28073020e-02  4.60508130e-02 -9.44262564e-01]
 [ 2.28073020e-02  4.60508130e-02 -8.49353790e-01]
 [ 1.46030616e-02  4.16657180e-02 -9.44262564e-01]
 [ 1.46030616e-02  4.16657180e-02 -8.49353790e-01]
 [ 5.70092583e-03  3.89652885e-02 -9.44262564e-01]
 [ 5.70092583e-03  3.89652885e-02 -8.49353790e-01]
 [-3.55685619e-03  3.80534828e-02 -9.44262564e-01]
 [-3.55685619e-03  3.80534828e-02 -8.49353790e-01]
 [-1.28148384e-02  3.89652885e-02 -9.44262564e-01]
 [-1.28148384e-02  3.89652885e-02 -8.49353790e-01]
 [-2.17169747e-02  4.16657180e-02 -9.44262564e-01]
 [-2.17169747e-02  4.16657180e-02 -8.49353790e-01]
 [-2.99210157e-02  4.60508130e-02 -9.44262564e-01]
 [-2.99210157e-02  4.60508130e-02 -8.49353790e-01]
 [-3.71120945e-02  5.19524515e-02 -9.44262564e-01]
 [-3.71120945e-02  5.19524515e-02 -8.49353790e-01]
 [-4.30137292e-02  5.91435283e-02 -9.44262564e-01]
 [-4.30137292e-02  5.91435283e-02 -8.49353790e-01]
 [-4.73990291e-02  6.73477724e-02 -9.44262564e-01]
 [-4.73990291e-02  6.73477724e-02 -8.49353790e-01]
 [-5.00994585e-02  7.62499124e-02 -9.44262564e-01]
 [-5.00994585e-02  7.62499124e-02 -8.49353790e-01]
 [-5.10112643e-02  8.55076909e-02 -9.44262564e-01]
 [-5.10112643e-02  8.55076909e-02 -8.49353790e-01]
 [-5.00994585e-02  9.47656706e-02 -9.44262564e-01]
 [-5.00994585e-02  9.47656706e-02 -8.49353790e-01]
 [-4.73990291e-02  1.03667803e-01 -9.44262564e-01]
 [-4.73990291e-02  1.03667803e-01 -8.49353790e-01]
 [-4.30137292e-02  1.11872040e-01 -9.44262564e-01]
 [-4.30137292e-02  1.11872040e-01 -8.49353790e-01]
 [-3.71120945e-02  1.19062930e-01 -9.44262564e-01]
 [-3.71120945e-02  1.19062930e-01 -8.49353790e-01]
 [-2.99210157e-02  1.24964565e-01 -9.44262564e-01]
 [-2.99210157e-02  1.24964565e-01 -8.49353790e-01]
 [-2.17167754e-02  1.29349858e-01 -9.44262564e-01]
 [-2.17167754e-02  1.29349858e-01 -8.49353790e-01]
 [-1.28146391e-02  1.32050291e-01 -9.44262564e-01]
 [-1.28146391e-02  1.32050291e-01 -8.49353790e-01]
 [-3.55685619e-03  1.21157221e-01 -9.44262803e-01]
 [ 3.39792529e-03  1.20472312e-01 -9.44262803e-01]
 [ 1.00856228e-02  1.18443593e-01 -9.44262803e-01]
 [ 1.62489489e-02  1.15149222e-01 -9.44262803e-01]
 [ 2.16510035e-02  1.10715747e-01 -9.44262803e-01]
 [ 2.60844771e-02  1.05313487e-01 -9.44262803e-01]
 [ 2.93788482e-02  9.91501659e-02 -9.44262803e-01]
 [ 3.14075686e-02  9.24626738e-02 -9.44262803e-01]
 [ 3.20926718e-02  8.55076909e-02 -9.44262803e-01]
 [ 3.14075686e-02  7.85529092e-02 -9.44262803e-01]
 [ 2.93788482e-02  7.18654096e-02 -9.44262803e-01]
 [ 2.60844771e-02  6.57020882e-02 -9.44262803e-01]
 [ 2.16510035e-02  6.02998286e-02 -9.44262803e-01]
 [ 1.62489489e-02  5.58663569e-02 -9.44262803e-01]
 [ 1.00856228e-02  5.25719821e-02 -9.44262803e-01]
 [ 3.39792529e-03  5.05432636e-02 -9.44262803e-01]
 [-3.55685619e-03  4.98583615e-02 -9.44262803e-01]
 [-1.05118379e-02  5.05432636e-02 -9.44262803e-01]
 [-1.71993356e-02  5.25719821e-02 -9.44262803e-01]
 [-2.33626608e-02  5.58663569e-02 -9.44262803e-01]
 [-2.87649166e-02  6.02998286e-02 -9.44262803e-01]
 [-3.31983902e-02  6.57020882e-02 -9.44262803e-01]
 [-3.64927612e-02  7.18654096e-02 -9.44262803e-01]
 [-3.85212824e-02  7.85529092e-02 -9.44262803e-01]
 [-3.92063856e-02  8.55076909e-02 -9.44262803e-01]
 [-3.85212824e-02  9.24626738e-02 -9.44262803e-01]
 [-3.64925601e-02  9.91503671e-02 -9.44262803e-01]
 [-3.31981927e-02  1.05313696e-01 -9.44262803e-01]
 [-2.87647154e-02  1.10715747e-01 -9.44262803e-01]
 [-2.33626608e-02  1.15149222e-01 -9.44262803e-01]
 [-1.71993356e-02  1.18443593e-01 -9.44262803e-01]
 [-1.05116386e-02  1.20472312e-01 -9.44262803e-01]
 [ 1.94399618e-02 -4.33927663e-02  6.34528622e-02]
 [ 1.94399618e-02 -2.95213871e-02 -1.13220857e-02]
 [-2.64099389e-02 -4.33927663e-02  6.34528622e-02]
 [-2.64099389e-02 -2.95213871e-02 -1.13220857e-02]
 [ 1.94399618e-02 -1.45751953e-01  4.44645025e-02]
 [ 1.94399618e-02 -1.31880566e-01 -3.03104464e-02]
 [-2.64099389e-02 -1.45751953e-01  4.44645025e-02]
 [-2.64099389e-02 -1.31880566e-01 -3.03104464e-02]
 [ 1.94399618e-02 -1.89878985e-01  1.13230860e-02]
 [ 1.94399618e-02 -1.76007807e-01 -6.34518638e-02]
 [-2.64101382e-02 -1.89878985e-01  1.13230860e-02]
 [-2.64101382e-02 -1.76007807e-01 -6.34518638e-02]
 [ 8.78118910e-03 -2.10509628e-01 -4.13282663e-02]
 [ 8.78118910e-03 -1.94399625e-01 -7.86946490e-02]
 [-1.57511644e-02 -2.10509628e-01 -4.13282663e-02]
 [-1.57511644e-02 -1.94399625e-01 -7.86946490e-02]] 
obj 
cube
vec3(     -2.13066,    -0.581662,    -0.398201 ) (1, 1, 1) (0, 0, -1) (1, 0, 0) (0, 1, 0) 
[[-1 -1  1]
 [ 1 -1  1]
 [ 1  1  1]
 [-1  1  1]
 [-1  1 -1]
 [-1 -1 -1]
 [ 1 -1 -1]
 [ 1  1 -1]] 
mode 
False
ids [0, 1]
sel []